-4.302368164062500000e-01
-8.324798949041944951e-02
-4.751586914062500000e-01
3.144044967013999159e-01
7.465209960937500000e-01
6.110509493428966099e-01
6.977263441462406846e-01
2.655029296875000000e-02
9.480590820312500000e-01
4.563861309956696033e-02
-6.935424804687500000e-01
9.587210210689822709e-01
5.474853515625000000e-02
6.799316406250000000e-01
4.006079362754679796e-01
3.708296297488336002e-01
9.624695647901471141e-01
3.842773437500000000e-01
5.305642778973866935e-01
5.483199648755257005e-01
-5.936595419845187571e-01
4.504460072109128799e-01
6.049804687500000000e-01
6.229858398437500000e-01
-4.787601084860204637e-01
6.196337185656379809e-01
5.499267578125000000e-01
2.620983054914161059e-02
5.207120347634974777e-02
3.326416015625000000e-02
3.834858199678088386e-01
-7.250366210937500000e-01
3.960756640793954286e-01
5.844820454852204250e-01
-9.566386190037792225e-01
7.667352927776378557e-01
-8.803999760006968600e-01
-1.593035468260537435e-01
5.145679830092431128e-01
-8.178710937500000000e-03
-3.815477104505815564e-01
-2.632923943542244682e-01
-7.698974609375000000e-01
-2.961560997652197269e-01
8.259566385565371149e-01
9.597967554423780800e-01
6.243286132812500000e-01
2.106881773468518571e-01
3.727033332545004463e-02
-8.314621952502663227e-01
1.259765625000000000e-01
-9.589843750000000000e-01
-4.035737078290955182e-01
9.913691686904524403e-01
-6.019126506613858840e-01
4.673421763195966250e-01
-8.211312664545762363e-01
7.380371093750000000e-01
7.473754882812500000e-01
-1.525443895285771845e-01
-3.294067382812500000e-01
3.082946338601091352e-01
9.085740061298952508e-01
6.093871317246921659e-01
4.919433593750000000e-02
-2.583007812500000000e-01
1.353797365217945803e-02
-9.410777767903317770e-01
-1.922607421875000000e-01
1.930541992187500000e-01
2.803310043322129186e-01
-3.042189254409595200e-01
-9.608323408557808420e-01
8.507080078125000000e-01
3.158432342373167501e-01
-7.291914855805596840e-01
1.150185588612702148e-01
-7.105273124332540657e-01
-7.031712356354904436e-01
-3.921823675911562113e-02
-7.843064641529911007e-01
4.541015625000000000e-01
5.590049826986087655e-01
9.484805908707372168e-02
-3.866648987979672825e-01
-1.702672423577533678e-01
-1.442858916861553542e-01
6.195502104853656267e-01
-9.308406048450303949e-01
-7.996659667838692531e-01
-6.063956030437667177e-01
9.757080078125000000e-01
-7.345581054687500000e-01
-2.326660156250000000e-01
-1.097235507067171323e-01
5.674942436108665333e-01
-8.623519256805960431e-01
-3.378906250000000000e-01
-1.198032044645662708e-01
4.113769531250000000e-01
-1.871337890625000000e-01
-3.663800698866481742e-01
4.259130888556912353e-01
-6.901541071244086112e-01
-3.765869140625000000e-01
-9.561767201740463129e-01
-3.062160606968329368e-01
1.452237897654606869e-02
-9.135990352502638689e-01
-1.872941299179606833e-01
-6.853027343750000000e-01
-4.594953070452076904e-01
6.939406173903850394e-01
9.804444900735309609e-01
-7.065289460026491497e-01
-9.724693153458607853e-02
-3.948974609375000000e-01
2.505704383271722957e-01
-5.333251953125000000e-01
2.547607421875000000e-01
7.721557617187500000e-01
-3.571536113836240034e-01
4.577021243911567616e-01
-7.239990234375000000e-01
8.988037109375000000e-01
1.171264648437500000e-01
-4.440307617187500000e-01
1.485464816877966054e-01
8.818119413681237972e-01
-1.500496746333426223e-01
3.108949434671801626e-01
9.293346524496688410e-01
-5.607760636205618709e-01
-2.324829101562500000e-01
-2.905854562970779931e-01
5.402196503241543102e-01
-7.488518710767253506e-01
6.884765625000000000e-01
-8.529492120739019523e-01
-4.047851562500000000e-01
-3.021899205504710029e-01
9.489746093750000000e-01
-3.965966237982223586e-01
-6.261521692212275170e-01
5.720825195312500000e-01
5.129059263362134580e-02
-2.090769602947997186e-01
-9.369696636513218380e-01
-2.759208341716208324e-01
-3.429840074497443325e-01
6.419149271796820155e-01
4.637476037433927445e-01
5.111070778195667685e-01
9.237707256986291693e-01
8.205059072149896160e-01
2.407010376938714113e-01
-5.191104383804456823e-01
8.439588881356230310e-02
-1.058379339496211546e-01
-5.770286053667206261e-01
9.327909056835723689e-01
8.975521094611509376e-01
8.742509148381740758e-01
6.168067949729545418e-01
9.779049060185553977e-01
3.174089683740983769e-01
2.147919598954350917e-02
9.139578878515175475e-02
4.482369396605636602e-01
-3.103685203763819622e-01
8.347525056086586570e-01
3.350540979279332809e-01
-7.734719680998969338e-02
2.551123319000641043e-01
-5.304043049928790499e-01
4.475704012767223183e-01
5.945197448397756546e-01
1.015345651884624889e-01
3.910806570916514069e-01
-4.613096204065287864e-01
7.914999680035303964e-01
-9.814011936451580986e-01
-3.127441406250000000e-01
6.697387695312500000e-01
4.350714017658849908e-01
2.685241699218750000e+00
-6.665785604601714986e-01
-6.005859375000000000e-02
4.480943185233909887e-02
2.794096036839885944e-01
8.146112760550190401e-01
-4.221893654560766596e-01
7.001342773437500000e-01
-4.067382812500000000e-01
-8.962876985475694003e-01
-1.819616349125083854e-01
-5.165709412598795680e-02
-2.767333984375000000e-01
-7.796020507812500000e-01
9.421386718750000000e-01
5.966796875000000000e-01
-4.915771484375000000e-01
-2.659500418645548425e-01
1.000000000000000000e+05
5.688255613634489727e-01
-7.634501193266540753e-02
7.200905671028472455e-01
-4.837646484375000000e-01
1.384251930863804603e-01
-6.449171709419299070e-01
5.802083550496597297e-01
5.924072265625000000e-01
-2.630812609762163135e-01
3.672485351562500000e-01
-5.370483398437500000e-01
-9.705919656464947476e-01
5.743408203125000000e-02
-2.380388458554383302e-01
-6.682798589699621150e-01
9.758976484592838396e-01
9.248397126470957463e-01
9.815118656385277696e-01
4.188945556522116753e-02
3.385091592774516212e-01
6.646763871223340114e-01
-9.252881931966669971e-01
3.309458240496578885e-01
4.827129767541440408e-01
9.111213704415503933e-01
8.381498186216072011e-01
6.066289493422889478e-01
-4.136962890625000000e-01
6.395179930576504468e-01
1.267700195312500000e-01
-3.504329972211985833e-01
-9.399414062500000000e-01
-5.626831054687500000e-01
5.083007812500000000e-01
-6.746048332025744720e-02
5.352783203125000000e-02
2.732653815363621508e-01
-9.262743314597148281e-01
6.691821448015493612e-01
-7.012939453125000000e-01
-7.650396059142963168e-01
-7.492131074440078198e-01
-4.720458984375000000e-01
6.476153481121880162e-01
-6.682008719076792946e-01
-2.706070853192015235e-01
-7.950912945765231665e-01
8.286518752832416901e-01
-2.355085200173290261e-01
6.074172041306225012e-01
-1.268547477787496103e-01
-4.915771484375000000e-01
-5.639262701987624027e-01
7.243920564015049468e-01
4.865262680623925196e-01
-9.404296875000000000e-01
-1.398925781250000000e-01
9.712528876521653309e-01
-2.320245823329776247e-01
4.838189722193799724e-01
6.039847971067833221e-01
