7.965698242187500000e-01
-6.541748046875000000e-01
-9.936523437500000000e-02
-5.403442382812500000e-01
5.451049804687500000e-01
-6.994628906250000000e-02
-6.806030273437500000e-01
6.091630427067431519e-01
7.957153320312500000e-01
-3.290405273437500000e-01
1.445312500000000000e-01
-4.822507073445072567e-01
-8.454515724774422925e-01
-1.459034775847967147e-01
-4.989125661630164910e-01
-2.734095126805113907e-02
-6.149902343750000000e-01
1.509399414062500000e-01
-6.850930351566677512e-01
5.640869140625000000e-01
-5.852864617037913941e-01
-5.140991210937500000e-01
7.788085937500000000e-02
4.345789174760741336e-01
-3.428755807124581612e-01
-1.148706302553910152e-01
-3.688354492187500000e-01
9.995727539062500000e-01
8.469458121620436764e-01
-6.557006835937500000e-01
-2.345552821125589382e-01
7.490510960137359842e-01
-5.815287778952227260e-01
-8.651123046875000000e-01
-9.646606445312500000e-01
7.341918945312500000e-01
-3.828735351562500000e-01
9.815673828125000000e-01
-5.832538456397282634e-01
-4.391194738906767370e-01
6.562500000000000000e-01
9.646152219737693656e-01
6.368428309742024673e-01
8.947753906250000000e-02
-3.364868164062500000e-01
2.901921346485880626e-02
5.197753906250000000e-01
4.664306640625000000e-01
-3.434448242187500000e-01
5.405874368865788426e-01
-9.179687500000000000e-02
1.817734298615858446e-01
-8.382937064496067681e-01
-1.722813818286585974e-01
-5.987765443432386814e-01
-9.314008579439381208e-01
-8.557577016296891159e-01
-6.629772944433875992e-01
7.382068290821597323e-02
2.310180664062500000e-01
2.965820312500000000e+00
-7.245483398437500000e-01
-2.341918945312500000e-01
-8.725585937500000000e-01
2.185088034592139739e-01
-1.661066944943967449e-02
-5.083618164062500000e-01
-2.342392442358987026e-01
9.644973465295714199e-02
-7.812692824184706009e-01
3.309326171875000000e-01
1.385498046875000000e-02
-4.326866223142105117e-01
8.978353888730605803e-01
6.193337795120135159e-01
-6.874389648437500000e-01
5.229661489968029375e-01
-2.872924804687500000e-01
-5.436172921445003858e-02
1.448974609375000000e-01
-5.026176647278757237e-02
-3.351440429687500000e-01
2.705871582031250000e+00
1.718659063578820145e-01
-3.975830078125000000e-01
-1.799795364127916297e-01
-4.338749965818944343e-01
6.173095703125000000e-01
5.557528048931752451e-01
-9.717969749193433593e-01
-8.951861845583453103e-02
7.483120849507722827e-01
5.571319837561887756e-01
5.912229336993040096e-01
-8.528414463305098447e-01
-7.380981445312500000e-01
-8.680920309014792391e-01
-5.288696289062500000e-01
7.332153320312500000e-01
9.820556640625000000e-02
9.992262714304462889e-01
4.078979492187500000e-01
6.342240794988305286e-01
-9.744316956855014755e-01
1.812988281250000000e+00
-2.370784800020864225e-01
-9.699096679687500000e-01
9.735110013557306541e-01
-9.201667062840874767e-01
-1.495971679687500000e-01
2.240600585937500000e+00
-4.533081054687500000e-01
-1.701049804687500000e-01
1.779653077232001834e-02
3.018798828125000000e-01
5.059742363198762582e-01
5.714569171264565206e-01
5.493774414062500000e-01
6.122204206656953751e-01
7.157063082559242950e-01
9.778906638698925402e-01
5.865917571205125913e-01
-6.345214843750000000e-01
-9.773131170284310443e-02
-6.348756933004431335e-01
-7.211422517135799293e-01
2.892778932868145247e-01
-6.134033203125000000e-02
-1.748657226562500000e-01
-7.266235351562500000e-01
3.523559570312500000e-01
-5.859375000000000000e-02
8.018798828125000000e-01
4.116210937500000000e-01
-8.376307663287880789e-01
7.935180664062500000e-01
-9.255371093750000000e-01
6.408081054687500000e-01
-1.372070312500000000e-01
1.837340121274086968e-01
-4.166885203476233812e-01
1.861572265625000000e-02
7.049803254991844348e-01
-4.954833984375000000e-01
9.368896484375000000e-01
-4.716797761048885373e-01
-2.276611328125000000e-02
6.741094964887439644e-01
6.114758828091388931e-01
-2.983310928990441369e-01
8.942871093750000000e-01
-4.399448389530131731e-01
3.174162704137992730e-01
6.207103868154248971e-01
-1.342339390070748095e-01
-6.692175770694364090e-02
9.006497133153930079e-01
6.675966240424693332e-01
-2.392141192891168444e-01
7.050612915854881368e-01
-7.285238092513524055e-01
-2.285156250000000000e-01
-7.651367187500000000e-01
5.562081020258775599e-01
-2.596660440929987601e-01
9.390869140625000000e-01
1.410203785009616073e-01
4.785156250000000000e-01
-6.126198544384642286e-01
9.695816595105313240e-01
5.054271209020471112e-01
1.546569824218750000e+00
1.647964913160671063e-01
-7.958984375000000000e-01
-1.910157054506407270e-01
7.591556932067260455e-01
-9.252184421124807212e-01
-4.284667968750000000e-02
-4.691772460937500000e-01
-7.955306358756497609e-01
9.133594600387691109e-01
9.943237304687500000e-01
5.509033203125000000e-01
-1.716267389602050830e-01
2.179565429687500000e-01
-9.532470703125000000e-01
-9.649047851562500000e-01
-7.622361570523690233e-01
-9.735107421875000000e-01
4.413452148437500000e-01
-2.472045730187437673e-01
-9.346923828125000000e-01
-6.178234756990479415e-01
-2.961229874903970050e-02
6.972045898437500000e-01
6.203002929687500000e-01
-9.380758584706401226e-01
8.172634584024900395e-01
2.142848308346174679e-01
-2.269897460937500000e-01
-1.450128538984709614e-01
3.207397460937500000e-01
-6.648029977595018014e-01
1.000000000000000000e+05
-6.140136718750000000e-01
2.003784179687500000e-01
-4.705810546875000000e-01
4.126671527020306929e-01
7.624527418594542194e-01
-2.900801230237908257e-01
-8.907955371836813185e-01
-6.208496093750000000e-01
-1.243896484375000000e-01
9.688639770349671831e-01
-3.829345703125000000e-01
3.750567808245499624e-01
-7.324218750000000000e-02
1.900634765625000000e-01
2.380859375000000000e+00
-8.431396484375000000e-01
-8.292236328125000000e-01
2.380054038490124757e-01
9.515991210937500000e-01
9.030357219434745897e-01
9.604001005396847201e-01
-7.150268554687500000e-01
-3.853149414062500000e-01
8.406438709977641643e-01
5.756225585937500000e-01
-3.377685546875000000e-01
-6.420898437500000000e-01
8.282470703125000000e-02
1.900002793158024339e-01
-8.182457091174515362e-01
7.740437072401402663e-01
-4.789428710937500000e-01
-3.754882812500000000e-01
5.364990234375000000e-01
-1.510620117187500000e-01
2.553571434715025124e-01
5.385819030607024160e-01
-3.802135170640710271e-01
6.408273556066015342e-01
8.863619171640919614e-01
-4.940795898437500000e-01
3.399801256300996055e-01
-2.298583984375000000e-01
8.353271484375000000e-01
-8.416012439155191593e-01
-5.809125529696788082e-01
-8.757934570312500000e-01
1.709155165873466053e-02
-4.121704101562500000e-01
9.992675781250000000e-01
-3.444969921053846473e-01
-8.410491659131835718e-01
-2.061055370809561360e-02
-1.690408014181152829e-01
4.936523437500000000e-01
6.520385742187500000e-01
2.124633789062500000e-01
9.305382755493210034e-01
2.577514648437500000e+00
8.167424628829367261e-01
-6.419727873615350688e-01
