2.638594852663933565e-02
6.017414489397980848e-01
1.951917551892088376e-01
1.048278808593750000e+00
-3.250122070312500000e-01
1.980796966524192015e-01
5.581054687500000000e-01
8.959960937500000000e-02
5.213155820374735239e-01
6.837768554687500000e-01
2.399108886718750000e+00
4.684257730189582691e-01
5.212787548861455011e-01
-5.325927734375000000e-01
-8.966064453125000000e-02
8.734180909585176344e-01
-1.630247236735433702e-01
-1.556396484375000000e-02
3.551025390625000000e-01
3.298120173549532463e-01
7.739257812500000000e-01
7.068481445312500000e-01
8.698730468750000000e-01
2.696533203125000000e-01
7.231445312500000000e-01
1.042944411733106591e-01
-3.587646484375000000e-01
-4.331054687500000000e-01
3.751302623388015345e-01
5.799426937180578445e-01
2.661743164062500000e-01
-2.531127929687500000e-01
-1.871337890625000000e-01
3.635677870884754803e-01
7.853012783440886935e-01
-8.938598632812500000e-01
-3.581250687843857694e-01
-9.082449660426776816e-01
-9.020714242390703852e-02
1.149047620767489342e-01
-9.544067382812500000e-01
-8.278895202990357305e-01
-1.533813476562500000e-01
3.287133818241267935e-01
-8.424072265625000000e-01
1.184430605746222831e-02
1.806408076588101874e-01
6.405920211365263572e-01
-6.759838768031334322e-01
-1.172485351562500000e-01
-9.420166015625000000e-01
-7.485711602242544060e-01
3.257446289062500000e-01
-9.084377848184892468e-01
2.014160156250000000e-03
-2.625122070312500000e-01
-5.226777042522867678e-01
-6.683028817151408507e-01
9.765014648437500000e-01
5.296843126926600309e-01
9.074510072904373725e-01
7.473754882812500000e-01
-7.330825943398167066e-01
-6.845703125000000000e-01
6.424560546875000000e-01
-1.317618037993864011e-01
9.746867435612682762e-01
9.925024295119848627e-01
6.074407304748619119e-01
9.714416531441047997e-01
3.031536803291310367e-01
-2.579553012866511175e-01
-4.019775390625000000e-01
-5.180053710937500000e-01
-1.395874023437500000e-01
1.942008505417553987e-01
-4.743652343750000000e-01
5.432128906250000000e-03
6.971886178912667376e-02
1.173123797287014547e-01
-2.009981860094849360e-01
6.604517469962158938e-01
6.322021484375000000e-01
-6.713159400400710020e-01
6.765669520541346404e-01
-8.065795898437500000e-01
7.078074874737378952e-01
4.952241300172990357e-01
-3.949584960937500000e-01
6.755371093750000000e-01
-7.756958007812500000e-01
-4.502380752106516226e-01
-3.088678704866645308e-01
-2.203369140625000000e-02
-3.763546795662320310e-01
4.641723632812500000e-01
-5.344312507283675018e-01
-4.341462272877327777e-01
1.345214843750000000e-01
1.275634765625000000e-01
-8.654881964338667633e-01
-3.956115554742349882e-01
-5.340565187231722799e-01
8.909826122448349928e-01
9.103706392797585867e-01
3.927001953125000000e-01
9.757731602935426629e-02
-4.104003906250000000e-01
7.139313110112166516e-01
-1.416326118161825853e-01
8.980846489741445282e-02
-7.096240770567587841e-01
7.365112304687500000e-01
-8.505859375000000000e-01
-8.952026367187500000e-01
6.384237636247664938e-01
-3.737289568505091086e-01
-8.204260553238882370e-01
7.611694335937500000e-01
-5.014914314696279352e-01
-7.991943359375000000e-01
3.157958984375000000e-01
-5.507004325827669078e-01
9.348144531250000000e-01
4.303124645078768573e-01
2.019042968750000000e-01
4.366415497439908311e-01
-9.786315589797078829e-01
-9.467193832577371904e-01
1.747985839843750000e+00
-1.554111983493666749e-02
5.201985235966386512e-01
-8.800247942276691049e-01
5.483098535392165740e-01
2.435302734375000000e-01
7.601820796653540047e-01
6.183703921203744791e-01
-9.239568184742503743e-01
1.367187500000000000e-02
2.782592773437500000e-01
9.731587597878155194e-01
1.312866210937500000e-01
5.242919921875000000e-02
9.480590820312500000e-01
6.278174796991231599e-01
4.735717773437500000e-01
5.066047393029668999e-01
-3.444493979316012311e-01
4.766435377770199544e-01
-7.834213357615409379e-01
8.773478248805461899e-01
4.169311523437500000e-01
6.547344269573323050e-01
-2.677437218086842208e-01
-5.594482421875000000e-01
-4.900387409548723205e-01
-3.132324218750000000e-01
9.547119140625000000e-01
-8.865356445312500000e-01
4.387638159733397991e-02
-1.897583007812500000e-01
-6.612691144446127822e-01
-3.854370117187500000e-01
-2.583112051932032749e-01
-1.224755443889027351e-01
-3.335612418832045734e-02
-3.259887695312500000e-01
3.328247070312500000e-01
2.684326171875000000e-01
-5.284423828125000000e-01
-6.182861328125000000e-02
2.031250000000000000e-01
1.000427246093750000e+00
9.870793341370065477e-01
6.134643554687500000e-01
-3.649659401960869687e-01
-3.510742187500000000e-01
6.953489633931508873e-01
-3.667602539062500000e-01
9.921875000000000000e-01
-4.656729474726439832e-01
-3.284624707321428527e-01
6.058349609375000000e-01
3.054157054487258716e-01
-1.647949218750000000e-01
9.152877370934353607e-02
-1.644897460937500000e-01
7.507934570312500000e-01
6.907880910555579401e-01
1.493530273437500000e-01
-7.324829101562500000e-01
-2.004394531250000000e-01
-5.991210937500000000e-01
8.710937500000000000e-01
1.494837561653024061e-01
4.327392578125000000e-01
-9.252721203110327863e-01
-4.449462890625000000e-01
-7.818422216184424123e-01
8.660278320312500000e-01
5.210363784456488734e-01
-3.519005271049651107e-01
-2.256469726562500000e-01
1.000000000000000000e+05
-6.377563476562500000e-01
1.917009727215830406e-01
-9.683608657795799157e-01
6.207684964963882113e-01
2.868041992187500000e-01
-5.688476562500000000e-01
5.245273139409125651e-01
-2.725219726562500000e-01
8.347366208383455444e-02
9.135133067719578559e-01
5.086669921875000000e-01
-4.631872572871187366e-01
1.434959325234954619e-01
7.229003906250000000e-01
2.396240234375000000e-01
-6.188964843750000000e-01
-7.678122980281583132e-01
6.044921875000000000e-01
-3.620004536034726605e-02
2.184448242187500000e-01
-9.658611949500479632e-01
-4.353637695312500000e-01
2.524208183910683356e-01
5.451272236330595433e-01
-1.131591796875000000e-01
-8.428955078125000000e-02
-1.328405663061380526e-01
-4.876098632812500000e-01
4.089398564512451983e-01
9.450683593750000000e-01
-6.881162556234345917e-01
-3.031005859375000000e-01
7.609568625405196407e-01
-8.326133710224314921e-01
1.602354057075165983e-01
-5.808715820312500000e-01
-5.534057617187500000e-01
3.092041015625000000e-01
9.025294796142580012e-01
-2.765958182380279240e-02
6.815795898437500000e-01
1.920166015625000000e-01
-4.962153073455606300e-01
-8.309421057307844194e-01
8.054809570312500000e-01
-3.423197341000174809e-01
2.948608398437500000e-01
-6.685595843087810408e-03
4.621164662023566905e-01
-7.270452280545702806e-02
7.164381262448078491e-01
1.276855468750000000e-01
-8.935546875000000000e-01
6.605684136848473109e-01
-8.331306503403717034e-01
-3.416774198586887135e-01
1.968383789062500000e-01
9.191106727581299651e-02
2.499389648437500000e-01
4.884993681289293566e-01
7.749633789062500000e-01
