-7.505075966506509211e-01
9.514770507812500000e-01
-2.921752929687500000e-01
3.260401422308027986e-01
2.826852086454485491e-01
9.088797138310846790e-01
1.930137587991598291e-01
8.931440281268339110e-01
2.949829101562500000e-01
-9.871884473032339624e-01
-4.742926058721346205e-01
-8.953074635611477650e-01
-8.443603515625000000e-01
7.651236712001903140e-01
6.633785397104021708e-01
8.391491636335794979e-01
5.983900120820047075e-01
-9.026913871097441699e-04
8.525390625000000000e-01
-5.674915522841139648e-01
-2.532766723818213883e-01
7.822352833211687617e-01
4.516601562500000000e-03
8.874016815758556387e-01
2.838745117187500000e-01
8.268432617187500000e-01
4.479169909189026910e-01
-1.909170291769166639e-01
-3.807148646794076274e-01
1.640625000000000000e+00
8.598594949746840577e-02
8.895263671875000000e-01
-6.751518462565211376e-01
2.296569824218750000e+00
-5.751953125000000000e-01
-1.484375000000000000e-01
-7.079786060391943803e-01
8.607134044831039610e-01
9.124327407332755158e-01
7.832641601562500000e-01
4.181642374571057363e-01
-3.269042968750000000e-01
-7.467340950928096355e-01
9.743060596522314931e-01
-3.999023437500000000e-01
-8.979634800127798133e-01
9.591232741687192309e-01
-5.698541231604843382e-01
5.672896686191291060e-01
6.824665915479923850e-01
-9.094238281250000000e-02
8.906250000000000000e-01
-1.123657226562500000e-01
-3.315668024613445120e-01
8.851509019509982146e-01
3.843383789062500000e-01
-5.814345635775370891e-01
-9.152221679687500000e-01
-8.322596952267646842e-02
-2.768516037311425926e-01
-2.427237332409817316e-01
1.797190032815625393e-01
-9.652709960937500000e-01
4.225463867187500000e-01
5.127783443626032778e-01
9.602551964121628369e-01
3.237906117499622649e-01
6.171875000000000000e-01
-4.211425781250000000e-03
6.183107083867118714e-01
-2.247193036085604056e-02
1.214294433593750000e+00
8.005973645132506977e-01
6.430795530989543707e-01
-9.176487586592680934e-01
2.705975721187063865e-01
5.791625976562500000e-01
8.712013555086375316e-01
-1.895722327943569763e-01
6.531841674082721205e-01
6.567382812500000000e-01
7.048339843750000000e-01
-4.465050423357890264e-01
-6.432164896289720435e-01
6.636962890625000000e-01
4.317016601562500000e-01
-9.796964725996879508e-01
-1.496575979257239730e-01
4.459838867187500000e-01
-7.271728515625000000e-01
-4.614490190909370515e-01
1.309154404007826233e-01
-1.625871443214335077e-01
4.674072265625000000e-01
-1.941499196808660344e-02
-3.259277343750000000e-02
7.160082675303325317e-03
-3.173217773437500000e-01
7.011125771144108842e-01
-4.176904519508262137e-01
7.633311768045545342e-01
-3.998063397158222454e-01
5.675296013990054345e-01
-1.655019994393645000e-01
8.900166424794744291e-01
4.791870117187500000e-01
4.772685232106506081e-01
4.384746501326448609e-01
-4.637451171875000000e-01
-7.467179737289952879e-01
2.707695052288678905e-01
-5.559082031250000000e-01
-9.094238281250000000e-02
-5.190237329349645101e-02
5.831974902614398548e-01
1.008635845307919165e-01
-4.503118837590260881e-01
-7.559654053353475067e-01
7.344499242908337777e-01
-3.980155002506253759e-01
-2.868041992187500000e-01
-9.666720944535873716e-01
-9.414207053358896182e-01
8.860232458007868406e-01
1.933593750000000000e-01
-8.519287109375000000e-01
1.373291015625000000e-01
-5.126494192362764935e-01
-1.278731705493099113e-01
1.275710269614962478e-01
6.741304303768735906e-02
-1.422614259999275266e-01
8.994753895945917233e-01
-7.644535146760154110e-01
9.270043989702074771e-01
-4.162922223721996495e-01
-6.357548465482183442e-01
8.544413287910692656e-01
8.332519531250000000e-01
-4.785392577130545000e-01
-6.953071670189951980e-01
9.752342905238695625e-01
-6.388102403357209802e-02
7.542069422171326920e-02
8.680093968141500138e-01
7.234034732012302182e-01
7.059696648344595538e-01
-5.688445097507013326e-01
-8.387562093650848816e-01
-3.702672560306765615e-01
1.195190429687500000e+00
-5.063476562500000000e-01
-3.117675781250000000e-01
-3.273925781250000000e-01
9.586181640625000000e-01
-9.670089448070096072e-01
-9.747910002287467623e-01
1.652221679687500000e-01
-8.914258314597416355e-01
3.318001876635574554e-01
-2.634591136852708626e-01
-8.013916015625000000e-02
-8.659667968750000000e-01
-5.326142774295143933e-01
-4.499778878619267175e-01
9.920843630901765575e-01
-2.410391384159729089e-01
6.675284208808978104e-01
2.743139392914688557e-01
-6.997384416831124998e-01
-2.499450210410483209e-01
6.426960700280031080e-01
7.228714469023702627e-01
2.948608398437500000e-01
9.005970532687830321e-01
8.566580691953773474e-01
9.373177061163151524e-01
-7.989501953125000000e-02
-7.819824218750000000e-01
3.061765060623424795e-01
7.471313476562500000e-01
-9.535522460937500000e-01
3.030796407441689322e-01
9.095314967675520723e-01
2.648315429687500000e-01
3.267896276301078817e-01
3.318241508290999953e-01
4.342008124703162775e-01
-2.997111877909528488e-01
6.536254882812500000e-01
-3.662809226206313884e-01
9.013671875000000000e-01
-2.791137695312500000e-01
-8.917477712749271035e-01
-8.131227761469950188e-01
8.573608398437500000e-01
-1.692162254785072317e-01
-6.518015963890799735e-01
8.270263671875000000e-02
3.427734375000000000e-01
-7.498779296875000000e-01
2.015530172456958535e-01
-1.525375740005701086e-01
1.000000000000000000e+05
6.833496093750000000e-01
4.672744366965200236e-01
-2.694737692584692201e-01
-9.297024791212260553e-01
-4.170929406461487687e-01
7.199810035969802513e-01
-4.314234584165614894e-01
8.057844538506480081e-01
7.684232645518349614e-01
-2.146061762689588370e-02
5.883604980251668781e-01
-6.647949218750000000e-01
1.593310856908631834e-01
-9.706147622452254708e-02
-4.710306738818208494e-01
-9.072831712538302895e-01
-8.253133983645333238e-02
-5.350321746896511410e-01
-3.371582031250000000e-01
-2.227172851562500000e-01
9.722290039062500000e-01
9.917602539062500000e-01
5.632934570312500000e-01
-5.779280986698773770e-01
2.672692546192558805e-01
-5.509766832852380780e-02
5.238214505144487276e-01
-2.373583601458677528e-01
-7.203979492187500000e-01
1.866460623257615303e-02
-5.278320312500000000e-01
4.796005821332529617e-01
-2.261950807654788953e-02
3.566051907745293459e-01
6.822859035463300081e-01
-5.841436619634452487e-01
-1.056275787442173542e-01
6.018066406250000000e-02
9.752074077692161058e-01
9.747008384692223970e-01
5.869402135717973756e-01
8.553828228796904742e-01
-6.740048035246128943e-01
5.371600034125578738e-02
-1.037597656250000000e-02
1.175403781019723759e-02
-8.275793525933352601e-01
8.932649752489203454e-01
-7.056317151889048844e-01
6.215269820708473336e-01
-3.587306581325224730e-01
-2.922548563573457159e-01
4.342651367187500000e-01
9.294158889598191919e-01
-3.879861810733307159e-01
-1.829833984375000000e-01
-7.982788085937500000e-01
-8.043429200598877227e-01
-6.866813666725986032e-01
5.941198674475134389e-01
1.918762207031250000e+00
