-1.265452373321533930e-01
-7.503031334060887847e-01
4.745949322395111025e-01
7.811279296875000000e-01
3.961181640625000000e-02
4.273681640625000000e-01
-1.731567382812500000e-01
1.392220854639865113e-01
5.954443811548997267e-01
-8.540015854112499305e-01
2.293090820312500000e+00
9.038579861232931556e-01
-8.997192382812500000e-01
3.897607884833917957e-01
4.055304955041811876e-01
-3.350551888768866782e-01
-1.370849609375000000e-01
4.143676757812500000e-01
-5.799399458712497513e-01
-5.447387695312500000e-01
1.655416335124115790e-03
6.403808593750000000e-01
5.762329101562500000e-01
-2.449340820312500000e-01
-7.143535930975375425e-01
6.908569335937500000e-01
8.078441184761262495e-01
1.594540795340082528e-01
-1.712584247982296137e-01
5.130004882812500000e-01
3.463745117187500000e-01
1.482488683135678720e-01
1.257324218750000000e-01
-1.527881645831516977e-01
-3.805676218942795064e-01
6.073608398437500000e-01
-9.177083333627629180e-01
2.682434082031250000e+00
-9.193115234375000000e-01
-7.426686116911624946e-01
4.520773859041582465e-01
4.692382812500000000e-01
-2.302461315898041150e-02
1.380975970321673962e-02
1.482604980468750000e+00
5.427727513064544151e-01
6.568145211825768826e-01
-6.667359171819600139e-01
8.569512036607889183e-01
6.211539926533689027e-01
2.645806760387270362e-01
7.234447573851925384e-01
-6.743172557531476041e-01
-9.458606690487620927e-01
2.086181640625000000e-01
-3.406400465099468367e-01
1.920166015625000000e-01
-9.669580735263572091e-01
6.254882812500000000e-01
-1.220703125000000000e-01
-8.140258789062500000e-01
-5.164184570312500000e-01
2.601157487524545786e-01
1.177307128906250000e+00
-4.590879109973093897e-01
4.632571782235332947e-01
2.473133331545485092e-01
1.771850585937500000e-01
-1.553482831434687128e-01
4.818725585937500000e-01
5.949707031250000000e-01
-6.208970312203605513e-01
-4.929199218750000000e-01
-1.026341847677578745e-01
1.392822265625000000e-01
-1.359695808647960469e-01
-8.903308889933676529e-01
-8.726921629799599955e-02
6.226323915355846950e-01
-9.501449086766977636e-01
-3.280639648437500000e-01
-2.105712890625000000e-02
6.820468068198213274e-01
-7.922523950544602123e-02
-2.160356795530364860e-01
9.129517154659503309e-01
5.739746093750000000e-01
-9.345024841308222641e-01
-5.192260742187500000e-01
-8.919963516947393423e-01
-8.031616210937500000e-01
-6.210608336055483125e-01
-3.409423828125000000e-01
7.587879565326856035e-01
1.965917389132298965e-02
-7.167968750000000000e-01
-8.598632812500000000e-01
5.566679772952063399e-01
-8.298262427963842836e-01
2.466552734375000000e+00
-5.881448562075872744e-01
2.913206701097803553e-02
-8.049783661030551762e-02
-1.834106445312500000e-01
-9.430589042492658614e-01
-1.079682425012089553e-01
4.384155273437500000e-01
-2.594591223314643980e-01
7.675228326195071560e-01
-7.870260573940057736e-01
6.779475809963981803e-01
1.984741210937500000e+00
-1.014404296875000000e-01
5.501098632812500000e-01
-9.592245908513834518e-01
2.882144065507503683e-01
2.853490204577775469e-01
8.150901185464598520e-01
-6.732051883319469798e-01
4.237875226567566767e-01
-4.224853515625000000e-01
-5.233078858070872030e-02
-7.867291307558612612e-01
5.553117160522655915e-01
7.940015572435512592e-01
-9.365966533595391219e-01
-1.640014648437500000e-01
-7.593540949760397840e-01
-9.981079101562500000e-01
-4.328035041059303811e-01
7.079619187321735119e-01
9.183857085702271661e-01
6.131687801787586434e-01
-9.926152738903399886e-01
9.132080078125000000e-01
3.118286132812500000e-01
3.165302860772165605e-01
3.662719726562500000e-01
-6.042480468750000000e-01
2.881591796875000000e+00
2.127380371093750000e+00
-1.967773437500000000e-01
8.214111328125000000e-01
7.287312217604602349e-01
1.777221679687500000e+00
4.272460937500000000e-02
-3.572387695312500000e-01
-5.110268744231860616e-01
-6.909179687500000000e-01
2.976440429687500000e+00
-4.522147513028433874e-01
7.085840542319237212e-01
-2.979736328125000000e-01
-5.651245117187500000e-01
5.478985886337914835e-01
4.425798297068632703e-01
-9.923095703125000000e-01
5.722045898437500000e-01
2.542114257812500000e-01
4.366455078125000000e-01
-7.137773821834798582e-01
-3.230641983927422523e-01
-7.344872132399578035e-01
-1.435949670875502626e-02
1.963117626013379802e-01
6.902523266804645452e-01
-7.556762695312500000e-01
3.326933208423470401e-01
-7.964931941916453262e-02
7.443772515103288523e-01
-7.192993164062500000e-01
-3.363241543298496339e-01
-8.843327084744780908e-01
-3.095703125000000000e-01
-3.477686946175118088e-02
-6.870673144580810021e-01
9.715866831081498844e-03
6.994018554687500000e-01
5.399440521395342252e-01
-8.322753906250000000e-01
1.524658203125000000e-01
-1.909706252197234111e-01
-2.980864184548446261e-01
-5.950682318519340264e-02
-5.972290039062500000e-01
3.986079231557191349e-01
-4.261474609375000000e-01
-3.813476562500000000e-01
-8.834838867187500000e-01
2.828121373219429913e-01
-3.856983443685486623e-01
-7.337646484375000000e-01
6.459974274307240805e-01
1.389565302409687675e-01
7.778418216156175458e-01
1.328750321024529946e-01
1.489257812500000000e-01
3.833007812500000000e-02
-9.054532198364995121e-01
-3.648985772750361622e-01
-1.923828125000000000e-01
-9.201349710950768035e-01
5.275286005350419138e-01
9.942400793457031250e+04
1.186340332031250000e+00
-6.287841796875000000e-01
9.830510376788086369e-01
-2.451904347673525830e-01
5.525928645419586616e-01
3.473510742187500000e-01
7.588729760723902373e-01
-5.750962187951567106e-01
4.971313476562500000e-01
2.020263671875000000e-01
8.987275913368577562e-01
-1.204699279799996692e-01
-3.699263158963241871e-01
1.663892357606493455e-01
-5.200195312500000000e-01
-3.112594702060083041e-01
5.637817382812500000e-01
8.493041992187500000e-01
4.568436472444856733e-01
-7.112696756657665986e-01
-9.431152343750000000e-01
-6.864624023437500000e-01
-6.138305664062500000e-01
-1.864013671875000000e-01
9.855598418479467604e-01
1.357794181514035969e-01
-1.425464667444458211e-01
-7.914428710937500000e-01
-9.460449218750000000e-03
2.370971679687500000e+00
7.868456815272286686e-01
-6.830143989045955877e-02
4.264526367187500000e-01
-3.288574218750000000e-01
3.159790039062500000e-01
1.648553007084925248e-01
-4.406738281250000000e-02
9.189530013626721061e-01
6.581915660850115035e-01
-4.954833984375000000e-01
7.256469726562500000e-01
-3.400757480780296493e-01
-4.564191242289088457e-01
-8.862915039062500000e-01
3.012695312500000000e-01
5.392784542992574703e-01
-5.643032763613755609e-01
8.718872070312500000e-01
8.082275390625000000e-01
-8.552246093750000000e-01
-3.407175682974992181e-01
-7.009353988666666702e-01
-5.374145507812500000e-01
-7.759604071890269239e-02
-2.719116210937500000e-01
5.214301034470527618e-01
-6.571149946675736153e-01
-4.783935546875000000e-01
-2.714233398437500000e-01
-2.681191965327873739e-01
5.539763033133946468e-01
