-6.421755602747167835e-01
-3.327504596318391350e-01
-6.365966796875000000e-02
6.686401367187500000e-01
-8.063150432376451349e-01
6.031494140625000000e-01
9.807599878275927718e-01
-6.809198971312466764e-01
9.421259356229585435e-01
4.026280863796267706e-01
6.429612978101542087e-01
-7.571384035848365279e-01
-3.314819335937500000e-01
-3.141420017281675303e-01
1.050707548435971805e-01
-5.325761547348515368e-01
-8.579711914062500000e-01
5.290992044361029212e-01
-8.588256835937500000e-01
-6.967487042524900254e-01
-4.623365085814332698e-01
3.757423961356762820e-01
2.891335396676457670e-01
-3.220760259180144303e-01
-7.892417363942907382e-01
2.759752283554897101e-01
-2.366333007812500000e-01
5.752715151548786210e-01
2.766525870099534323e-02
3.588867187500000000e-02
-8.092506847030720429e-01
-4.312744140625000000e-01
-1.376342773437500000e-01
-7.331951149295083958e-01
-5.756216874567523512e-01
1.618532503816183521e-01
6.255117615827789912e-01
1.409301757812500000e-01
6.195108316241704216e-03
7.674335081509573442e-01
1.391418457031250000e+00
6.201782226562500000e-01
-3.308851766296045938e-01
-5.039865970286128150e-01
-2.070312500000000000e-01
6.829518301605548292e-01
-4.020385742187500000e-01
2.270218517471360720e-01
1.834344438055399706e-01
-4.715156490818483981e-02
-3.176879882812500000e-01
7.639969247415969722e-01
7.239990234375000000e-01
-4.789428710937500000e-01
-1.201822415386712972e-01
7.447581972415049378e-01
1.561950683593750000e+00
-8.074951171875000000e-01
-6.558227539062500000e-01
5.881527711956888727e-01
1.348941323841559292e-01
-9.643554687500000000e-01
8.829345703125000000e-01
-2.399892462289168193e-01
-2.614135742187500000e-01
-9.021532372617002693e-02
3.803710937500000000e-01
-4.769897460937500000e-01
4.395751953125000000e-01
3.570916580835370446e-02
-7.305297851562500000e-01
3.619520729836835926e-01
2.874953559041939499e-01
7.964150140979471271e-01
-7.386584200184671545e-01
2.591878433978711538e-01
7.618408203125000000e-01
-6.651611328125000000e-01
-3.081665039062500000e-01
-3.880319602587349870e-01
8.065186572598292969e-02
-7.356567382812500000e-01
9.037460093893419089e-01
-7.781982421875000000e-02
-5.122580825835383322e-01
1.137404014549279196e-01
8.586214272053056540e-01
-3.842726737834427642e-01
4.856596112816182753e-01
8.348031697946372010e-01
9.508666992187500000e-01
-8.563232421875000000e-01
-6.530761718750000000e-02
-7.446289062500000000e-03
-1.057739257812500000e-01
-3.362426757812500000e-01
8.008422851562500000e-01
-7.230079098910207058e-01
8.625488281250000000e-01
-2.154541015625000000e-02
-3.258845735652740050e-01
-2.988891601562500000e-01
-3.407606893518773106e-01
7.049532775613072122e-01
4.533391276028218009e-01
-2.984619140625000000e-01
1.699827188767655262e-01
-5.508422851562500000e-01
9.813842773437500000e-01
2.991333007812500000e+00
-2.969360351562500000e-01
-9.999454328609371778e-01
-6.390380859375000000e-01
-2.827148437500000000e-01
-3.369703301415578611e-01
8.598243247101573505e-01
9.907174978632995455e-01
8.074311060320045197e-01
-1.224570049734878818e-01
5.852410571671582407e-01
1.123657226562500000e-01
9.954649703691309526e-03
4.613647460937500000e-01
7.311401367187500000e-01
-5.819774454768100735e-01
6.759015966170383027e-01
-4.770929904642977615e-01
1.853978375959970393e-01
-8.001708984375000000e-01
8.827963971205887717e-03
-7.057793268156280497e-01
-3.623308805783196362e-01
1.504621948350626237e-01
-3.035278320312500000e-01
1.291503906250000000e-01
-9.949011872990354277e-03
6.977587375079756793e-01
-4.690291661585985761e-01
-4.685058593750000000e-01
4.848615163768816849e-01
1.857299804687500000e-01
-6.551513671875000000e-01
1.090814328231204389e-01
5.398813374520170516e-01
5.498657226562500000e-01
-3.208380797622158997e-01
5.200986124314768144e-01
-8.435071729898635517e-01
-3.865966796875000000e-01
-3.458077861238662010e-01
-3.818969726562500000e-01
3.744437850705835125e-01
8.132331499916027884e-01
-9.765625000000000000e-04
-9.830322265625000000e-01
-3.228183636635033604e-01
-9.537963867187500000e-01
-1.342163085937500000e-01
-1.694335937500000000e-01
1.164550781250000000e-01
2.271118164062500000e-01
-9.085910785824107272e-01
8.831185072993243956e-01
-5.665893554687500000e-01
9.045840596526379951e-01
7.225553996623041986e-01
-3.421503134212708908e-01
-4.765625000000000000e-01
-5.515747070312500000e-01
-6.626563377737981764e-01
-6.087682093468065325e-01
-6.378173828125000000e-02
-7.707519531250000000e-01
8.836669921875000000e-01
1.642303584136299843e-01
-1.607454171908893059e-01
5.721299057422948309e-01
8.725212576644876261e-01
-8.905639648437500000e-01
2.384033203125000000e-01
-3.722205982445334627e-01
-6.077880859375000000e-01
-8.530798595797648431e-01
3.606650637968817907e-01
-4.728393554687500000e-01
-4.375940284661670177e-01
6.004028320312500000e-01
2.727661132812500000e-01
1.526062011718750000e+00
-5.976307855128308866e-01
2.918090820312500000e-01
2.990722656250000000e-01
-8.648681640625000000e-02
2.232666015625000000e-01
6.147957394322018931e-01
4.632568359375000000e-02
1.930882951244150547e-01
-1.691173408238766385e-02
-1.301879882812500000e-01
6.480102539062500000e-01
-1.977437744814973808e-01
1.248273811872202543e-03
5.428466796875000000e-01
1.000000000000000000e+05
-3.981869156552173550e-01
-8.355712890625000000e-02
7.060546875000000000e-01
1.975097656250000000e+00
-2.448120117187500000e-01
-3.337402343750000000e-01
-8.135986328125000000e-02
-1.529966690410795582e-01
5.901823971700961291e-01
-6.058959960937500000e-01
3.005122828046473682e-01
9.019775390625000000e-01
-5.760350832834861823e-01
-8.322753906250000000e-01
8.582630126418522298e-01
-4.140551903930740352e-01
-8.208368968189330150e-01
-4.772883722847605092e-01
-2.974824681675904969e-01
4.807739257812500000e-01
9.613037109375000000e-01
-8.812255859375000000e-01
-6.967799239730878558e-01
-2.935180664062500000e-01
2.431030273437500000e-01
-3.822347954758862354e-01
8.618164062500000000e-02
-3.971557617187500000e-01
-1.200561523437500000e-01
-1.252296856680654713e-01
-7.065604645287801855e-01
6.308593750000000000e-01
9.541950948794020171e-01
1.627893658016255074e-02
-3.935205101551642048e-01
-3.557637039163845660e-01
-3.395996093750000000e-01
9.519204493097710440e-01
5.371093750000000000e-02
-7.337303402468853264e-02
3.012713548448062717e-01
-3.629150390625000000e-01
8.026726991896209196e-01
4.458686608341335678e-01
1.508789062500000000e-01
5.107960291487871896e-01
6.664635083468011256e-01
9.677124023437500000e-01
7.649417446483337546e-01
-5.936889648437500000e-01
3.193969726562500000e-01
9.802660587009810467e-01
-4.199829101562500000e-01
-3.116921120758733288e-01
4.318079882165271055e-01
7.348632812500000000e-02
-5.586529110498077433e-01
-9.376074034299040072e-01
7.463989257812500000e-01
7.433571177618738535e-01
-3.589483365645098623e-01
