-5.097012222939817372e-02
-4.144330679793400973e-01
-2.214941738003191329e-01
-5.708463130532523966e-01
6.902643474340175445e-01
3.771694084588098073e-01
-7.493828503024609899e-01
1.886474612838517084e-01
-2.205127897097345913e-01
1.135337485036820304e-01
1.102578312507597746e-01
-5.452312405127038852e-01
-4.589731834159331836e-01
-5.563668806143917678e-02
-1.997113829251045414e-01
1.464571460080323628e-01
-2.690213305860460480e-01
1.000000000000000000e+00
3.715464315151920105e-03
2.932924223446469192e-01
6.327017877744108842e-01
8.130662262479486646e-01
5.127494986192584481e-01
1.685837665733381785e-01
-2.628948735506113077e-01
-1.207424000895752220e-02
3.849449330512533241e-01
2.276600378827080828e-01
-3.269160009367557129e-01
8.777922765131026539e-01
-2.405625383887338709e-02
-1.002597595970608213e-01
3.380991938753715731e-01
1.000000000000000000e+00
3.841721590169499545e-01
1.199597392412371649e-01
-7.352220047635162903e-01
-1.500033764435664552e-01
-4.066502446911451907e-01
-2.474701368973825089e-02
-4.291534682237999609e-01
2.667380990663131834e-02
2.515112802122510538e-01
2.102069877005920129e-01
3.232228695186053491e-01
2.624392752746326773e-01
-4.348979470263393265e-01
4.856127075219487943e-01
2.801713857982388034e-01
-3.168905341639020046e-01
4.759177387987868491e-01
3.021607383287987503e-01
-1.277238930433441388e-01
1.634920920931232091e-02
2.588705844561288161e-01
7.628388188239583201e-01
-1.451859090339127911e-01
8.574163472867044611e-01
1.258023400723805307e-01
3.259659389624401937e-01
4.430164770390436213e-01
-3.226985113053421061e-01
1.000000000000000000e+00
7.312791634390931605e-01
-6.955147581530516376e-01
-1.000000000000000000e+00
2.300210767448400973e-01
1.411529943495478667e-01
4.038103704223514612e-01
-5.676689381172297377e-01
1.458876240256962165e-01
1.527535387257711874e-01
-1.810171098653531319e-01
-4.004617980982624892e-01
-3.330587476498676480e-01
4.732774696888487620e-01
1.915737806512610164e-02
-3.528455767337473903e-02
5.685620069879546712e-01
4.251473998265662968e-01
7.442714398831931089e-01
-7.803436433366504887e-02
1.601739907578517141e-01
8.814276152262504049e-02
2.347685518196070686e-01
-1.000000000000000000e+00
1.000000000000000000e+00
3.205540715542100627e-01
-4.200221002827549954e-01
-4.529446802722624232e-01
-9.125184783748507833e-01
3.283475508464820392e-01
2.613988807465757458e-01
-7.143084136867299261e-01
2.910680294576482030e-01
7.134524048090921111e-01
7.954489638854335132e-01
2.437748752967388577e-01
3.709418722121115009e-01
-1.212374761946916207e-01
-2.832686078915964689e-01
-1.609396673113991372e-01
6.672093294491636684e-01
-3.727623631399398785e-01
1.000000000000000000e+00
-6.315260061696892357e-01
1.461427410991889275e-01
-6.774497621460132124e-02
7.200616676231789970e-02
-5.110624676300575819e-01
8.013760149327988636e-01
7.208674357141193756e-01
1.339890286797126573e-01
-1.000000000000000000e+00
5.257715445605765092e-02
9.734240873728785548e-01
-3.229793370925382878e-01
-4.665119011965852547e-01
-4.755176289821629876e-01
-2.499545899447889741e-01
4.610154828057204668e-01
-3.008959149061269933e-01
-1.000000000000000000e+00
-3.876302843133257459e-01
4.182878654294952536e-03
1.323789542428094324e-01
-7.935305991514436386e-01
5.733976083499499055e-01
4.231690638143887906e-01
2.333330056848756939e-01
-4.726636986693202314e-01
1.591700494900039620e-01
-3.789812412846118028e-01
-1.284409119526047915e-01
-1.945923796877839784e-01
8.323639704398870798e-01
-4.874110966986582860e-01
-3.825703254111830209e-01
-1.000000000000000000e+00
-3.886810366487116752e-01
7.987763683890254374e-01
4.836193990326455583e-01
-2.715717559312227358e-01
-5.700429548151938475e-01
7.419981546281928519e-01
-9.194528590698134440e-01
-1.174627862662041555e-01
4.681514364327561961e-01
1.819721894396360284e-01
-7.955368689199704413e-02
3.878980361106265096e-01
-1.229941550860467747e-01
1.000000000000000000e+00
1.716226162629417434e-02
1.748249595264764755e-01
-2.884024763103653077e-01
3.500950768862605145e-01
-7.146085932389041329e-01
8.216711669134317830e-01
-5.836585499920403652e-01
3.090146507976311296e-01
4.838544706881658941e-01
-2.554726433196298219e-01
-9.112800418368061095e-01
1.125598481129169715e-02
1.658886411840473918e-01
1.739071993002948291e-02
4.051230019917239078e-01
-5.688401646326326500e-01
1.000000000000000000e+00
6.853793268325345522e-01
4.751065858170242517e-01
-9.088040338889287195e-01
2.859006448678458323e-02
1.299646164126916914e-01
-1.000000000000000000e+00
-1.000000000000000000e+00
-2.241956075305641116e-01
3.220829774356762099e-02
-4.370206112054260128e-01
5.346139600160766392e-01
7.002497026838609973e-01
-8.907665017223910242e-01
1.330559174738926709e-02
3.538468963214149721e-01
-1.741061340903043986e-02
1.000000000000000000e+00
1.230540974872733617e-01
-2.547517283190272597e-01
-8.636890643412922230e-01
-3.276855977505008788e-01
-1.860377964453914512e-01
-5.897561485244229296e-02
7.938345422717352218e-02
-3.980773260449608220e-01
4.209500132605108469e-01
-3.455695221598977795e-01
-2.335149199801505870e-01
-1.031317758037200716e-01
-5.639067459314561770e-02
2.433169041890081985e-02
-4.573872890066484898e-01
3.399934663729645146e-02
1.000000000000000000e+00
-2.955757930130009092e-01
-5.809344647660645844e-01
-5.821769275334163218e-01
1.467142758941657465e-01
3.026895823827677745e-01
-3.432077487300574381e-01
4.248870650947068617e-01
7.271312929530584501e-01
9.531555267271571985e-01
5.494584817830041601e-01
7.177584564165468972e-01
1.352277486709096699e-01
-1.579022021678403442e-01
5.495007930375653826e-01
9.311417159694912460e-02
3.269121467759028565e-01
1.038041623793184431e-02
-8.762292730666969565e-01
-1.774779896628392584e-01
8.515953856095936914e-03
4.900334806622747008e-01
3.784885658299803057e-01
6.690393687907589815e-01
-6.890806325808955801e-01
8.279670730117008604e-02
-6.511978777913337568e-01
-3.037894806937349590e-01
1.789524100659729000e-01
6.206960968704066106e-01
-1.696100140167647319e-01
-9.923569449671493237e-02
-7.131976922126276319e-01
5.933153095183095749e-01
7.378354194516906217e-01
6.273716524921840731e-03
-3.687991084056981284e-01
-2.766990244657138720e-01
-1.000000000000000000e+00
5.510519622462284328e-02
6.874430566701457135e-01
-6.066386240215574377e-01
-6.619070346668680660e-01
-2.133326954813143106e-01
-1.000000000000000000e+00
2.860188444995130919e-01
6.423493110317980426e-01
-3.652894569892818910e-01
2.311361029502465025e-01
-7.087213938057017604e-01
2.998181130833728059e-01
1.468477974318830037e-01
-2.319274696185855411e-01
-7.585202739587072474e-01
-7.853525675817741858e-01
4.430280383284062595e-01
-5.617038502203980377e-01
-2.384186537472918477e-01
-1.117280373427673723e-01
-4.407812357594944608e-01
2.417949937364253232e-01
-1.762886433121941543e-01
