-7.327924151171447686e-01
-8.361715631105477442e-01
8.581314384447873422e-01
-8.551635742187500000e-01
-9.233398437500000000e-01
-7.003666087711899468e-01
7.505578613217049888e-01
-9.360188075397386509e-01
1.504760742187500000e+00
-6.345717743341212635e-01
-2.583007812500000000e-01
8.583057018696738094e-01
-4.096679687500000000e-01
7.141113281250000000e-02
7.415771484375000000e-01
-3.326845870728138976e-01
-6.065341510597006547e-01
9.321906863987332592e-01
-2.558751483791312786e-01
2.503051757812500000e-01
9.163146132131716470e-02
-9.310274877923108150e-01
1.222351074218750000e+00
3.543090820312500000e-01
-8.085116234558675785e-02
-3.710778571802939574e-01
4.400024414062500000e-01
9.401502411815794158e-01
6.379550614254265728e-01
5.747680664062500000e-01
6.521377832933419327e-01
-9.241859219790049540e-01
8.872084870050693794e-01
5.310668945312500000e-01
2.893599272504947528e-01
8.973603035588826327e-01
-2.707492834674272153e-01
-5.762718032548130864e-01
5.051749086731895932e-01
-5.440583843525812480e-01
-6.980126706710874096e-01
3.757015484722237009e-01
5.051582613263838617e-01
3.980870479517286675e-01
-2.963307899832787751e-01
-2.272338867187500000e-01
-2.308834078723724925e-01
9.851074218750000000e-01
-6.068094488718203117e-01
7.216796875000000000e-01
-5.737304687500000000e-02
-1.325681962546301218e-01
-3.354067888664191699e-02
2.897470339812158180e-02
-7.302319828272121338e-01
3.164672851562500000e-01
5.011553960058967583e-01
2.688598632812500000e-01
6.874389648437500000e-01
-4.218466488665491010e-01
-1.890869140625000000e-01
-5.770263671875000000e-01
-6.193847656250000000e-01
6.286621093750000000e-01
-5.933064774646277240e-01
-4.359741210937500000e-01
3.582153320312500000e-01
-2.157776630101777560e-01
-3.193969726562500000e-01
2.023135444444852382e-01
-5.223276478843930093e-02
9.817504882812500000e-01
4.093627929687500000e-01
-9.761849447581854022e-01
1.397766113281250000e+00
-8.121948242187500000e-01
-7.934570312500000000e-04
-6.838356719431768482e-01
-5.650634765625000000e-01
2.179593005188007471e-01
1.371636192129856990e-01
6.753029466062621111e-01
-4.466007049421525377e-01
-4.261739086454463532e-02
1.878662109375000000e-01
9.431595782489663460e-01
9.780883789062500000e-01
-8.795166015625000000e-01
5.964628467077004448e-01
4.395751953125000000e-01
-8.048095703125000000e-01
8.328247070312500000e-01
-5.017089843750000000e-02
7.104849644179158652e-01
-5.292817878635243112e-01
-1.210730323056519175e-01
3.395996093750000000e-01
8.239746093750000000e-02
4.548498701981220638e-01
-9.088876316103797759e-01
-4.129638671875000000e-01
8.482666015625000000e-01
1.772460937500000000e-01
8.069458007812500000e-01
-8.799867020176497245e-01
6.484375000000000000e-01
-1.776940383297493931e-01
2.300537109375000000e+00
-6.767578125000000000e-01
-5.788747891204597540e-01
1.796758305458199256e-01
-6.697953644263272555e-01
6.879708239356661093e-01
-8.041088779318856794e-01
-7.289764059057024514e-01
1.390502929687500000e+00
6.228637695312500000e-01
9.861450195312500000e-01
8.335571289062500000e-01
-9.786156057218893256e-01
6.333618164062500000e-01
2.585571289062500000e+00
4.663504347704034991e-01
-2.879028320312500000e-01
-4.710438450740159766e-01
4.364223848687598384e-01
6.336465555828620921e-01
-4.934692382812500000e-01
-1.933705636239229086e-01
-2.087402343750000000e-01
-5.761907683968623406e-01
6.151748948567996589e-01
5.629882812500000000e-01
9.187442821874574062e-01
-5.159723962673714581e-01
-9.020791513357206970e-01
-1.284997642166698650e-01
1.109181857243430880e-01
-8.175501932511104464e-01
4.748535156250000000e-01
-1.240234375000000000e-01
6.933634889688251590e-01
4.305451119911172242e-01
-5.102891402020401923e-01
3.145751953125000000e-01
-1.014125388294551122e-02
-6.289062500000000000e-01
-2.497889822974339591e-01
8.759406541120531298e-01
1.630004882812500000e+00
-2.584228515625000000e-01
-1.839895441699712642e-01
-6.123230472169198801e-01
-2.771331283562639136e-02
-6.645507812500000000e-01
-7.379150390625000000e-02
-8.371429112487729363e-01
-7.755088066239748112e-01
4.702247932087266769e-01
-6.293563426603701050e-01
2.498779296875000000e-01
2.423486834929031719e-01
1.231907717613855979e-02
8.566246391102192437e-01
-4.651489257812500000e-01
9.515513388896674751e-01
-2.448730468750000000e-01
-6.341552734375000000e-01
3.274082661651731563e-01
5.784416536511112206e-01
7.046508789062500000e-01
5.721823364066365158e-01
6.813290190673417790e-01
1.071166992187500000e-01
6.624755859375000000e-01
2.981424976171171970e-01
3.908020692683498165e-01
-1.122324098337472709e-01
8.342446436707307011e-01
5.733311657147934781e-01
-8.413947769992100589e-01
-6.021523952979170868e-01
1.859898683806735509e-01
-5.392166617023252950e-01
3.626708984375000000e-01
-8.431077168660860988e-01
-7.205595943270537429e-01
8.524260993717167612e-01
3.846000305804038177e-01
-7.548746927535132656e-01
-5.417649335532424004e-01
8.669433593750000000e-01
2.637791329643661697e-01
9.048461914062500000e-01
-6.933539141201270350e-01
4.442082082034848334e-01
2.059143066406250000e+00
-2.361655276925889169e-02
7.739844541190488147e-01
8.729600363176843736e-01
-6.080768180912521359e-01
-9.929955882721848148e-01
-2.598148756650542346e-02
1.000000000000000000e+05
9.144897460937500000e-01
-4.485060504348989951e-01
-2.948002983172859359e-02
-6.748046875000000000e-01
-4.077758789062500000e-01
-5.966186523437500000e-01
-3.409741713627256754e-01
6.497546539782113051e-01
-4.927356254792418788e-01
5.250873947115699547e-01
1.461023066542095350e-01
-8.060913085937500000e-01
-6.494570504253509569e-01
-7.219238281250000000e-01
-3.993015924081408929e-01
-7.684727075839492549e-02
-2.664794921875000000e-01
-5.161190470626546567e-01
-8.873901367187500000e-01
2.557678222656250000e+00
7.124498408435344654e-01
-8.967397121152307360e-01
-2.441340916529535221e-01
1.260253906250000000e+00
-8.917846679687500000e-01
-8.842503630222275923e-01
9.888957453960434130e-01
-8.963012695312500000e-01
3.512388235139345394e-01
7.126584361549559432e-03
4.853438644385106304e-01
-7.842282918617480281e-01
1.501821173233386375e-01
-3.058752314946355799e-01
5.397746218277299501e-01
4.695434570312500000e-01
3.873901367187500000e-01
6.649789488593160769e-01
8.375724853385351221e-01
4.210412684247883952e-01
5.941162109375000000e-01
6.931762695312500000e-01
-8.347167968750000000e-01
5.353302429606463519e-01
7.122228620806809740e-01
-7.459106445312500000e-01
7.992953828979847408e-01
2.624137673219679723e-01
-3.446413838239870131e-02
-9.562988281250000000e-01
-6.085079146341638712e-01
-8.463745117187500000e-01
-3.802490234375000000e-02
-6.903205913489474099e-02
6.633983627287336482e-01
-1.173941080449034668e-01
-7.917480468750000000e-01
8.648247558017356784e-01
9.914161932950809053e-01
-9.578247070312500000e-01
6.190795898437500000e-01
