-3.087693335970997932e-01
-2.287437125336588828e-01
7.167686053449995320e-01
-3.525390625000000000e-01
3.032118238267094146e-01
1.395263671875000000e-01
6.070463649990107680e-01
8.369506014031011798e-01
-1.922607421875000000e-02
4.113104150810054094e-02
7.497365869865848520e-01
8.773803710937500000e-01
-7.200158652724368835e-01
9.794854776860608681e-01
-2.296752929687500000e-01
-2.526969728228285472e-01
1.376411523349330146e-01
-5.372148503771070338e-01
-8.471830198249805655e-01
8.393486086060122364e-01
-2.668881282137802735e-01
-7.049560546875000000e-02
-9.093068350991708737e-01
-1.943202248957149880e-01
-6.973100389988919900e-01
4.239501953125000000e-01
-5.174939458760243749e-01
-9.238278015294509871e-02
5.120970301314295980e-01
-5.719060457052984603e-01
7.031860351562500000e-01
9.724731445312500000e-01
9.788818359375000000e-01
9.584777908860813156e-01
-5.964965820312500000e-01
-4.969756729791841021e-01
-2.895130658584212924e-01
-1.057161963148489647e-02
5.659273556926700532e-01
7.650511027686142107e-01
-6.749845232222619895e-01
-6.666870117187500000e-01
4.458618164062500000e-01
6.869194255162813789e-01
-9.337384019977967853e-01
8.420665223759460360e-01
1.754150390625000000e-01
3.642578125000000000e-01
-7.526245117187500000e-01
9.101039072164900379e-01
2.097900390625000000e+00
-6.174926757812500000e-01
9.145102106358482530e-02
-9.338989257812500000e-01
6.297353496850417454e-01
-7.099736180534683694e-01
-3.862174835879659263e-01
4.780706865161521435e-03
-4.827880859375000000e-02
-3.897868222042664144e-01
3.045698103032248305e-01
3.087768554687500000e-01
6.441650390625000000e-01
-4.144411160128562699e-01
4.254395207674168677e-01
6.390380859375000000e-01
5.215561819205172256e-02
-1.552027994860918358e-01
-9.753408232971132463e-01
-2.573890496714459353e-02
-4.999389648437500000e-01
3.615112304687500000e-01
4.570312500000000000e-01
-5.539723065902375509e-01
7.048570455720784000e-01
-6.799316406250000000e-02
3.172184791679750759e-01
-3.547674917739758182e-01
6.669751195662732002e-01
-1.618717856179656689e-01
-4.552871886119671530e-01
2.746582031250000000e-03
-9.758434939814844000e-01
7.219238281250000000e-01
-8.825683593750000000e-01
4.238281250000000000e-01
-4.219446927751169252e-01
-5.232757341426688136e-01
3.781738281250000000e-01
8.457623961526983258e-01
-9.046630859375000000e-01
3.476439344339528059e-01
2.886766199862840221e-01
5.294799804687500000e-01
-1.840074883029649833e-01
-3.685470841903835115e-01
-4.109590157660258924e-02
-5.959779194061944896e-01
6.941528320312500000e-01
7.960916513612310563e-01
-1.696777343750000000e-02
-2.415252890028691812e-01
7.771351942408533109e-01
-5.465087890625000000e-01
-5.832519531250000000e-01
1.918178213215595562e-01
-3.460693359375000000e-01
3.839489754847247305e-02
-7.977249643360226905e-01
-9.316145603852321599e-01
-6.640797170907908331e-02
-7.894616603697901525e-01
-1.785856575674902302e-01
-4.766774487496530099e-01
-9.334204183237544417e-01
1.769828107239725945e-01
3.074340820312500000e-01
-7.984008789062500000e-01
-2.774995808325604330e-01
1.165771484375000000e-02
-7.045967863140829568e-01
4.933484787036019892e-01
1.178767150049506718e-01
-7.506406643751108998e-01
-2.540009329988852649e-01
-9.482284710228816582e-01
-4.855125524265970771e-01
-1.920776367187500000e-01
-8.305664062500000000e-01
-9.328627728487195458e-01
7.299751196562898059e-02
-3.225065994237708011e-02
7.023886642465437813e-01
2.845947265625000000e+00
1.620667482232687195e-01
-7.246093750000000000e-01
-3.335870170342147834e-01
-7.514038085937500000e-01
-7.236938476562500000e-01
-1.367797851562500000e-01
8.708496093750000000e-01
5.496215820312500000e-01
3.345417573635705022e-01
-3.117059934109169816e-01
5.211804799724693016e-01
-5.563964843750000000e-01
-8.420647736397388616e-01
7.524414062500000000e-01
-5.772748200788813122e-01
-5.035607638850370105e-01
1.558890652340771954e-01
3.811566017759868696e-01
-1.098479692033937916e-01
7.691211702601039590e-01
-6.970214843750000000e-01
-8.673095703125000000e-01
-6.116917449255885320e-01
-9.880443876116897783e-01
-3.189412791258081636e-01
8.636474609375000000e-02
7.735595703125000000e-01
-2.518920898437500000e-01
2.446899414062500000e-01
5.519433764760690586e-01
7.816772460937500000e-01
-7.800292968750000000e-02
-2.721822954274408790e-01
-9.217140288342189347e-01
-3.702551653872587778e-01
2.382148588722445837e-01
-2.717893213610778069e-01
-6.234570169677806639e-01
1.544799804687500000e-01
-6.787756870273842225e-01
7.611841679908506464e-01
-2.214908427112611822e-01
7.614702720276094183e-01
7.884731995227043377e-01
-5.134568990893106921e-02
-5.499187091853539044e-01
-6.029588768703866286e-01
-3.149031016968502072e-01
2.048950195312500000e-01
-1.300659179687500000e-01
9.402994695354194299e-02
-3.458862304687500000e-01
-7.629394531250000000e-03
-9.929475499027340391e-02
-3.405151367187500000e-01
8.184985756493197151e-01
2.232055664062500000e-01
-1.092529296875000000e-01
2.093522843754374030e-01
1.709645389557359341e-01
9.198811165701723525e-01
2.001953125000000000e-01
8.593656377588632100e-01
-5.243773643987510447e-01
7.710010480131037625e-01
-8.035433224665509133e-01
-9.342055727666318532e-01
5.798635333644623913e-01
-4.187345016603796211e-01
1.000000000000000000e+05
7.989501953125000000e-02
4.311315204819967661e-01
6.682128906250000000e-01
-2.251459977318481798e-01
4.199829101562500000e-01
-4.053411968405973287e-01
2.485961914062500000e-01
-7.907714843750000000e-01
-4.799034066665031073e-01
-8.284091996714899597e-01
-6.907958984375000000e-01
-8.070068359375000000e-01
-9.465312058436969878e-01
2.968139648437500000e+00
-1.232910156250000000e-01
7.279403692707397955e-01
3.508153354193876972e-02
-1.146900913729396176e-01
8.903866465588838874e-01
-8.323974609375000000e-01
2.678996419607870827e-01
-7.026977539062500000e-01
6.449100902859354889e-01
2.088034967216876314e-01
7.892456054687500000e-01
9.345064814973120804e-01
-9.382336285261914099e-01
-7.609746816461586683e-01
5.870628150238266230e-01
5.742023083148330986e-01
-5.666536156694148563e-01
2.201538085937500000e-01
9.298194178733847348e-01
-2.896121911265481241e-01
2.428149590653101431e-01
7.192382812500000000e-01
7.356538495766058450e-01
-1.923828125000000000e-01
-8.544921875000000000e-03
6.716013116258996440e-01
-5.437622070312500000e-01
-3.287890176194716574e-01
3.144744106401642370e-03
8.398437500000000000e-01
-3.116120448142489785e-02
-3.117053666325255712e-01
6.058349609375000000e-01
1.957344294862890521e-01
-7.525634765625000000e-01
5.325379660846918384e-01
1.310420737294681892e-02
9.831542968750000000e-01
7.112941911766323955e-01
-8.699340820312500000e-01
1.950295685731262552e-01
1.377563476562500000e-01
-8.164672851562500000e-01
-9.610821755907426045e-01
-2.194555252327439199e-01
-2.809638553185707099e-01
-6.396484375000000000e-01
