6.594238281250000000e-01
-9.642403257582432552e-01
-6.376522735283876031e-01
9.901981462214861640e-01
-7.669681389581863851e-01
-1.743825264192342406e-01
-6.477661132812500000e-01
1.633055102634213274e-01
-8.603515625000000000e-01
3.534783156484206934e-01
-7.792358398437500000e-01
-1.715990065061365755e-01
-5.028076171875000000e-01
1.708984375000000000e-02
-4.277343750000000000e-01
-9.023716936720014292e-01
-4.954223632812500000e-01
-4.424266849341718100e-02
-8.904418945312500000e-01
-9.405868107844848058e-01
6.119384765625000000e-01
8.585205078125000000e-01
-1.214979621034657509e-01
-8.945624658130133522e-01
6.814148075926313997e-01
1.855024726933449664e-01
9.305419921875000000e-01
6.532998261823645958e-01
5.614375961051381037e-01
5.222139083499761636e-01
1.241297495534361417e-01
-6.071460150748400064e-01
-3.845214843750000000e-02
2.801036876226778993e-01
1.677006472783995061e-01
1.716308593750000000e-01
6.469726562500000000e-03
-1.303710937500000000e-01
9.532480248789336752e-01
-7.106387443032264883e-01
-9.763489249300747463e-01
-4.235944876416155580e-01
-1.885317276170301870e-01
9.495830315106228436e-01
-9.167480468750000000e-01
8.449403026088111446e-01
-7.325439453125000000e-01
6.133397822300814539e-01
-1.416625976562500000e-01
-2.490525008717079380e-01
5.175231627678966717e-03
-1.760253906250000000e-01
-6.048566304810705230e-01
-4.710068896553467610e-01
8.475341796875000000e-01
2.756347656250000000e-01
2.424316406250000000e-01
-2.937875790284547595e-01
-2.044547148699247252e-01
5.738489534886712651e-01
-9.911499023437500000e-01
-9.392745654658918308e-01
1.305101848129879283e-01
4.656733198651918926e-01
1.771362304687500000e+00
-7.260742187500000000e-01
-1.174926757812500000e-01
-9.933522800287371002e-01
-8.602905273437500000e-01
-8.277733704288599004e-01
-7.944448967857724586e-01
-1.971071804436674846e-02
3.735351562500000000e-02
3.265380859375000000e-01
-2.922433548620495536e-02
-2.864990234375000000e-01
-3.933293240229358556e-01
9.750478895205856311e-01
-8.229326738176814260e-01
-3.762478372503395008e-01
4.031982421875000000e-01
-4.094238281250000000e-01
5.635447855544095663e-01
1.523504925790968301e-01
3.613281250000000000e-01
-2.561644271810026297e-02
-7.848510742187500000e-01
-1.670674124883195777e-01
-7.549204701388816385e-01
-2.980889019291914632e-01
-4.741210937500000000e-01
-2.357117459734368037e-01
-6.178588867187500000e-01
-3.446684480634627512e-01
-1.694465017200228463e-01
-1.266147132911881190e-01
8.517556478924477315e-01
-4.337768554687500000e-01
-2.953628235046743544e-01
2.794799804687500000e-01
5.966198241526621260e-01
-8.235473632812500000e-01
-9.683227539062500000e-01
8.141981077027165004e-01
-8.972430452862978356e-02
-3.737792968750000000e-01
-8.711805369902920759e-01
4.211952143841639629e-01
1.628593878996504873e-01
3.234336448116144069e-01
2.703369140625000000e+00
-5.481218419715450096e-01
7.618742124048676345e-01
-8.517764745147764494e-01
-3.782958984375000000e-01
-7.020127550705381747e-01
-6.516434101302026605e-01
-2.514648437500000000e-02
-1.885127766160998863e-01
3.234182661253925950e-02
2.509460449218750000e+00
-9.662548812790670016e-01
-6.261054867560558179e-01
9.448852539062500000e-01
9.305419921875000000e-01
4.462280273437500000e-01
-8.607197208665187116e-01
-2.321675803319060982e-01
2.130126953125000000e-01
9.414017310007083417e-02
5.520782832162880460e-01
1.541241527232735109e-01
-2.732543945312500000e-01
1.458129882812500000e-01
-5.030517578125000000e-01
-8.499755859375000000e-01
-3.940029238832032377e-02
1.456622154531457269e-01
-4.765625000000000000e-01
-2.936582853861602338e-01
-2.275161918847850018e-01
-9.264289465741482044e-01
-7.306451240794418212e-01
3.532104492187500000e-01
-4.781899442709218739e-01
7.430988214179983231e-01
-1.312866210937500000e-01
2.354502874787840483e-01
4.291412270584826771e-02
-8.720339921495767754e-02
2.045898437500000000e+00
1.321250073555026994e-01
-7.972208324116172307e-01
8.574820891880641227e-01
-9.436158296683236912e-01
8.831719591159059579e-01
-8.568115234375000000e-01
4.202880859375000000e-01
1.433105468750000000e-01
5.496459781886389173e-01
2.997680664062500000e+00
6.182250976562500000e-01
7.703579104072708628e-01
5.872717372029407912e-01
5.713913653257161052e-01
3.350797069010054141e-01
-5.234236115941810485e-01
-2.982253132881960145e-01
-4.275656538121372918e-01
4.779427829245852521e-02
3.033772671744698890e-01
6.942749023437500000e-01
-4.981689453125000000e-01
9.011840820312500000e-01
-2.101408106706177392e-01
-1.322631835937500000e-01
1.693725585937500000e-01
-6.723022460937500000e-01
6.762695312500000000e-01
-7.634277343750000000e-01
1.228637695312500000e-01
4.928736908875408496e-02
5.408902802536474930e-02
1.302050606321969450e-01
-8.456081870277947221e-01
-9.552503860441714512e-01
7.673950195312500000e-01
2.608642578125000000e-01
2.208501478198887646e-01
-1.564585692065751932e-01
-9.325511985607393139e-01
-5.181884765625000000e-01
-8.271691216358800780e-01
-6.158447265625000000e-02
2.503967788855416821e-01
-6.469547711668122147e-01
-9.903151304501121022e-01
1.513729029487016486e-01
7.743619956696921047e-01
-6.260986328125000000e-01
-2.967759412703179223e-01
-9.075711411489502112e-01
1.794555664062500000e+00
1.040960002441406250e+05
-4.710289714431128427e-01
5.601476579308988235e-01
-6.334228515625000000e-01
8.742065429687500000e-01
-3.187866878288452277e-01
-5.099809351294870563e-01
-9.990392449347094139e-01
-9.671673618649290205e-02
-7.812392696324488295e-01
8.098222421083569600e-01
8.194885655851777972e-01
-4.635386511889929562e-01
-2.049195726731078970e-01
5.459471711216310474e-01
2.809814453125000000e+00
-3.229980468750000000e-01
5.091030816220429855e-01
2.671341611991606690e-01
-5.486450195312500000e-01
-1.385503765503390827e-01
9.161245319050430602e-01
-2.893676757812500000e-01
-4.499634856810930117e-02
7.286685504358003662e-02
9.412926060746462653e-02
-8.470458984375000000e-01
-3.775634765625000000e-01
-9.983574554040404170e-01
3.673773447756614186e-01
3.380238727555018308e-01
-3.633422851562500000e-01
6.305823029995272222e-02
9.278472645236002236e-01
4.798237483116092328e-01
8.547825736457250745e-01
-4.988567550730071964e-01
-8.612743698572808970e-01
8.520034544917709507e-01
-3.649891421167530403e-01
3.562297980628805760e-01
-8.309232953935596910e-02
-3.846663611407183936e-01
7.455444335937500000e-01
2.923583984375000000e-01
8.200960543459121510e-01
9.770374116209699089e-01
5.198974609375000000e-01
-6.307566615500044271e-01
4.264536501224238663e-01
7.969360351562500000e-01
2.470353836461693930e-01
-4.296491952853505047e-01
-5.103301571200049569e-01
-3.036908009671390740e-01
8.232434811365352267e-02
-2.224731445312500000e-01
-6.773071289062500000e-01
-1.255555825139922366e-01
1.126708984375000000e-01
-3.835869975876851079e-01
-6.512451171875000000e-02
