-7.066040039062500000e-01
3.228096139187464075e-01
-3.853759765625000000e-01
5.350952148437500000e-01
1.417846679687500000e-01
9.770507812500000000e-01
-4.509887695312500000e-01
-8.808593750000000000e-01
4.458105112529255898e-01
9.536132812500000000e-01
1.973205566406250000e+00
5.537719726562500000e-01
9.965858901258162206e-02
9.885253906250000000e-01
2.841182685706864497e-01
-1.009139681760042873e-01
1.387783521250891550e-01
-4.747854985300932196e-01
9.113159179687500000e-01
5.731785934955968553e-01
6.164439134524899444e-01
4.833984375000000000e-02
-1.771240234375000000e-01
6.331787109375000000e-01
-8.418047888402286905e-01
6.129028822290856215e-01
2.190002441406250000e+00
-5.430868969929816270e-01
-5.688323274266420260e-01
3.609619140625000000e-01
-8.619384765625000000e-01
3.356933593750000000e-01
3.814697265625000000e-01
2.570643906477898533e-01
-8.635972547668797628e-01
7.751109403348266369e-02
-9.454907923304174400e-01
9.930654522730562039e-01
6.613159179687500000e-01
2.482971191406250000e+00
-9.494018554687500000e-01
3.551635742187500000e-01
-8.994140625000000000e-01
-8.560791015625000000e-01
-9.238891601562500000e-01
-7.248335025958607680e-01
3.658447265625000000e-01
4.188232421875000000e-01
-2.800096443668316226e-01
8.336181640625000000e-01
-4.527587890625000000e-01
1.642456054687500000e-01
9.257566827217924565e-01
-2.667236328125000000e-01
2.921142578125000000e-01
8.264735226987982575e-01
5.816337578655312868e-01
-7.601928710937500000e-01
-9.408569335937500000e-01
-7.998046875000000000e-01
-3.584594726562500000e-01
9.804621969868430043e-01
2.175476074218750000e+00
1.718750000000000000e-01
-6.367322122543919161e-01
-7.801597441916698905e-01
8.261718750000000000e-01
-2.374267578125000000e-02
7.722167968750000000e-01
-7.494597493585626324e-01
-4.665406074593947405e-01
-5.649968768006923270e-01
-3.850708007812500000e-01
7.910766601562500000e-01
-5.369262695312500000e-01
-8.517428333197467616e-01
9.079589843750000000e-01
8.327026367187500000e-01
3.786621093750000000e-01
8.968891002413315050e-02
7.954514566602604031e-01
3.320922851562500000e-01
-2.164728417654293580e-01
-4.662312605755349892e-01
4.974975585937500000e-01
-9.224853515625000000e-01
7.687248056426547738e-01
-6.181345364174706258e-01
-8.039046682184454173e-01
3.723621873829470186e-01
4.844360351562500000e-01
1.672363281250000000e-01
1.114685058593750000e+00
3.198852539062500000e-01
4.517455519471380576e-01
-6.381835937500000000e-01
4.738769531250000000e-01
3.992556086231147106e-02
-8.096748439372247752e-01
3.111572265625000000e-01
5.222286359704375602e-01
-6.552573116218640692e-01
-9.234008789062500000e-01
-5.463867187500000000e-01
8.658254783809076205e-01
8.222973768440748898e-01
7.249755859375000000e-01
7.487896129031781367e-01
1.131822828322546215e-01
6.606445312500000000e-01
9.771893381251453015e-01
-9.542846679687500000e-01
6.450805664062500000e-01
9.890747070312500000e-01
-5.749260336159121021e-01
-6.872558593750000000e-02
6.906717737423968551e-01
-7.488403320312500000e-01
-5.963745117187500000e-01
3.175577418134265528e-01
7.306480136080639731e-01
5.806274414062500000e-01
7.847737362158544450e-01
5.078556691334257245e-01
-3.881835937500000000e-01
5.320434570312500000e-01
9.622046133840980175e-01
1.907958984375000000e-01
-2.408447265625000000e-01
4.431152343750000000e-01
-8.273315429687500000e-01
5.669051503375812651e-01
7.487182617187500000e-01
1.234834888581892720e-01
4.052734375000000000e-02
-5.897153405953985406e-01
2.438720703125000000e+00
-9.459373360731775371e-01
-7.459942179198875145e-01
5.720214843750000000e-01
5.520019531250000000e-01
5.865478515625000000e-02
6.325683593750000000e-01
7.998872495682245454e-01
6.024780273437500000e-01
-4.543701516669913509e-01
4.634399414062500000e-01
3.264770507812500000e-01
-2.893066406250000000e-01
7.612649640137276741e-01
5.267727840126628092e-01
1.912098681338665340e-01
4.231017206627718519e-01
3.535156250000000000e-01
7.309803527678910839e-01
3.945922851562500000e-01
-9.402465820312500000e-01
-4.840087890625000000e-02
-6.375732421875000000e-01
-9.088274579710429180e-01
-7.626610037831029754e-01
2.488706838861116655e-01
-6.123046875000000000e-01
-9.720458984375000000e-01
9.494628906250000000e-01
-2.341308593750000000e-01
-6.474199207316557736e-01
-9.560190873842833170e-02
-8.462102615274682549e-01
-4.221801757812500000e-01
6.999511718750000000e-01
-2.551573030969136457e-01
-6.705632858397851948e-01
9.851074218750000000e-01
9.846614575648038326e-02
-1.839134960840624888e-01
-6.292724609375000000e-01
-3.804485003276598665e-01
-2.014075528589822639e-01
3.149414062500000000e-01
7.551836521731496443e-01
9.586394452397111188e-01
8.641940075313869762e-01
-3.502807617187500000e-01
-3.788393260783933236e-01
-4.692993164062500000e-01
8.270808675709677704e-01
8.803586725217238396e-02
-2.184344323483573547e-01
4.135742187500000000e-01
-5.780068921734922149e-01
8.409209601700227132e-01
4.626267159509354077e-01
-7.438121486699902363e-01
-1.411409389247257895e-01
-9.282858847757249343e-01
1.566041419760213493e-01
1.320800781250000000e-01
3.285396473166195541e-01
7.861938476562500000e-01
-7.910850457236315858e-01
2.227150569590532481e-01
3.588256835937500000e-01
1.000320000000000000e+05
6.858520507812500000e-01
1.270141601562500000e-01
1.722412109375000000e-01
4.478759765625000000e-01
7.143554687500000000e-01
-2.678319203568522155e-01
6.791406994224766791e-01
5.604701012295711937e-01
-7.571656767099366192e-02
-1.894169856952427899e-01
3.618984521843173763e-01
8.094482421875000000e-01
-1.156110716516280945e-01
3.215942382812500000e-01
-4.494409313139635653e-01
-7.014160156250000000e-01
-7.064146420967496454e-01
4.337819724794345078e-01
5.493242062950096649e-01
1.733398437500000000e-02
6.442260742187500000e-01
3.503417968750000000e-02
2.968750000000000000e-01
2.117625302997652170e-01
-4.486369576609083865e-02
-9.796142578125000000e-01
9.620361328125000000e-01
-8.906250000000000000e-01
7.141103258220675709e-01
7.012939453125000000e-01
4.595947265625000000e-01
-4.234451038834521341e-01
8.761401108327677711e-01
5.816650390625000000e-01
1.599121093750000000e-01
-5.917825975028121466e-01
-4.651880145301015013e-01
-3.181720251522317522e-01
-7.605127889443705769e-01
2.539062500000000000e-01
7.470703125000000000e-02
-8.012546310954278272e-01
1.442260742187500000e-01
-1.759033203125000000e-01
5.168515333567820225e-01
5.923717838100064359e-01
-8.864135742187500000e-01
-4.935302734375000000e-01
7.448120117187500000e-01
-3.356323242187500000e-01
1.547851562500000000e+00
4.719117849584630875e-02
8.626480491182826338e-01
6.143188476562500000e-01
9.604492187500000000e-01
2.816100510074481811e-01
-6.316885435474581811e-01
-9.210205078125000000e-01
-4.193115234375000000e-01
9.361100730877118803e-01
-9.224151568448730742e-01
