-5.579716466689019772e-01
2.521087283604448448e-01
8.892751905693232484e-01
-3.121337890625000000e-01
1.220703125000000000e-04
4.910515739014438275e-01
7.610826217833523977e-01
-7.471343322123649155e-01
-9.948730468750000000e-02
4.465367895198333326e-01
9.842848186504529195e-01
2.515380859375000000e+00
7.159037557567715648e-01
-5.698242187500000000e-01
9.331054687500000000e-01
4.620909012161722451e-02
9.290161132812500000e-01
-5.145263671875000000e-01
4.080200195312500000e-01
6.359863281250000000e-02
6.958618164062500000e-01
-6.347871977135493005e-01
-4.998551709310872226e-02
2.251425898094034928e-01
1.674316406250000000e+00
-3.034057617187500000e-01
7.739446195209587209e-01
7.051407374246476678e-02
4.294433593750000000e-01
4.485743881585686488e-01
1.462321309961216453e-01
-7.193284208264905111e-01
-1.256103515625000000e-01
3.031940210168317940e-01
5.875247998949686412e-01
2.369821049219138498e-01
-9.000244140625000000e-01
2.968055307200447857e-01
-4.411621093750000000e-01
2.277785013804491943e-01
5.042724609375000000e-01
-3.635177704345797789e-01
3.625488281250000000e-01
8.483324971107968349e-01
8.587980009507718560e-01
7.051391601562500000e-01
9.089660737910949528e-01
3.654278611706296420e-01
7.593383789062500000e-01
6.103945567976769571e-01
-2.124220602201372099e-01
-3.154296875000000000e-01
3.830672053313288750e-02
5.958251953125000000e-01
-2.409923483327449656e-01
5.373974178693521342e-01
3.698672338180206687e-01
4.721470973384920278e-01
4.337100667507693963e-01
-1.804569374844580132e-01
6.602783203125000000e-01
-6.638183593750000000e-01
-2.318191383431948971e-01
9.901477121755317690e-01
1.840742791638774190e-01
-5.749511718750000000e-01
-9.531250000000000000e-01
3.404592212578518851e-01
-4.207093086508073565e-01
-5.158691406250000000e-01
-8.830884978457265166e-01
7.299193919620228233e-01
2.812650072151896552e-01
-5.912903150959194498e-01
2.757655677887367318e-01
-1.379394531250000000e-01
1.593110285379317759e-01
-3.704008306687009977e-01
5.360071857667532136e-01
4.749771806120000051e-01
4.756636102154709889e-03
-7.516733542282327818e-02
3.472900390625000000e-02
3.364257812500000000e-01
6.885880026793609332e-01
-3.963675391597061282e-01
-7.304294932878891977e-01
-4.001486944084913233e-01
8.870306854290348486e-01
-3.568115234375000000e-01
4.655027861704668091e-01
-6.108123959646190038e-01
2.490575249629682908e-01
-4.305859336721911124e-01
-7.250444989138924434e-01
-8.326868192691054826e-01
-9.660644531250000000e-01
9.609375000000000000e-01
9.995398685505068048e-01
-1.437394932219975274e-01
-9.058546137032470469e-01
-4.308471679687500000e-01
-8.624267578125000000e-01
4.521112729761616045e-01
-3.168334960937500000e-01
-3.781040626748590761e-01
-7.423697001931370831e-01
6.695604576928417817e-01
8.117337086233116228e-01
-7.409328098491272385e-01
-3.849487304687500000e-01
-4.871826171875000000e-01
1.549521148693600026e-01
-1.392514104078970139e-01
8.003540039062500000e-01
-2.484130859375000000e-02
-9.246215820312500000e-01
-4.667968750000000000e-01
-6.798019750349093560e-01
7.478174163973654309e-01
-4.201049804687500000e-01
3.692626953125000000e-02
-6.116140149922186797e-01
-3.414306640625000000e-01
1.823730468750000000e-01
4.716387436542341938e-01
7.478652048057155000e-02
-1.878291672018415071e-01
1.723083496093750000e+00
5.985107421875000000e-01
8.194867942866008725e-01
1.571044921875000000e-01
-8.603757514249603666e-01
1.251647949218750000e+00
7.699380604913930171e-02
-1.041004811725543266e-01
3.163022693689767628e-01
-3.136596679687500000e-01
8.543726139074414583e-02
-2.203005298678915036e-01
3.891601562500000000e-01
-8.972024082345799734e-01
2.711486816406250000e+00
3.457641601562500000e-01
-6.087457336570358812e-01
7.949829101562500000e-01
1.364929199218750000e+00
5.848802214268771227e-01
9.925520908087597238e-01
5.167863029035193456e-01
7.388929345641379598e-01
9.401855468750000000e-01
5.378728534558117058e-01
2.330871582031250000e+00
-9.517211914062500000e-01
2.804060212686907416e-01
-7.351074218750000000e-01
8.831084475815464963e-02
-8.912331563321957972e-01
9.318237304687500000e-01
8.479003906250000000e-01
6.454088077319419803e-01
-7.196616839215597139e-01
7.952270507812500000e-01
-8.076602383898847659e-01
-9.985351562500000000e-01
-1.641845703125000000e-02
2.470703125000000000e-01
6.772482142892104484e-01
-6.389364508251376140e-01
6.403808593750000000e-01
-7.238220673594379928e-01
7.595187420566618108e-01
-4.905718201741244844e-01
6.574303383548032453e-01
1.526291780116728614e-01
5.446955817393139831e-02
-2.104492187500000000e-01
-5.249496899700631936e-01
2.173358130629090557e-01
-1.316671056236244919e-01
8.793945312500000000e-01
3.068432339161646372e-01
-5.262451171875000000e-01
-9.180583080603870183e-01
-2.215576171875000000e-02
-2.834172889233794734e-01
2.605709821327457654e-01
-7.354398103179400348e-01
3.327636718750000000e-01
-2.216081182272766625e-01
-5.588521535376480553e-01
2.046203613281250000e+00
4.546831755514697537e-01
6.117811437297924204e-01
-2.542724609375000000e-01
3.901524042407344961e-01
4.170179121386519139e-01
9.428555405037029047e-01
-7.254095837231646637e-01
3.914794921875000000e-01
-9.483432701710849955e-01
-5.708696285703804829e-01
1.000000000000000000e+05
-2.281928826702066537e-01
5.408618596549974455e-01
-2.366755336189518832e-01
-8.221502047650774969e-02
2.337646484375000000e-02
9.566825059059229641e-01
-1.832275390625000000e-01
3.450357711506801817e-01
-9.035215435035366394e-01
-4.135476732429776980e-02
-2.518920898437500000e-01
-2.511585826508417885e-01
-1.619696290936807337e-01
1.993136240067714393e-01
9.637503803215512477e-01
5.321655273437500000e-01
2.856824875661787555e-01
-9.241943359375000000e-01
-8.028294688005506163e-01
-6.056500148169026154e-01
-4.698809287446479299e-01
-1.753269749172354786e-01
9.205711583570441725e-02
8.933875291354491655e-01
-4.894032468711106976e-01
-3.750610351562500000e-01
8.927001953125000000e-01
3.983154296875000000e-01
1.727732868550151402e-01
1.354919433593750000e+00
2.894249455002759763e-01
1.996545381009480202e-01
-4.655724034550658974e-01
3.477675637427533051e-01
6.698895027554157000e-01
1.032055805012472849e-01
-9.415137413626772922e-01
8.061477203564413330e-01
9.537353515625000000e-01
6.851769838896746290e-01
5.446340387471655387e-01
3.613281250000000000e-02
-3.741334758248218151e-01
1.436221190254245439e-01
4.942297097615233614e-01
-1.994070782321064605e-01
-9.523315429687500000e-01
2.366726623896819870e-01
2.143920898437500000e+00
1.291503906250000000e-01
3.854849417120111976e-01
-7.846363356487657814e-01
-3.976553254479957555e-01
-4.158993749869999146e-01
8.751831054687500000e-01
-6.174389479882036458e-01
9.910888671875000000e-01
-5.116989123275157425e-01
2.972934554296036147e-02
-7.251392767269340123e-01
-5.747541275407304084e-01
