6.252341234640717005e-01
-4.401694353716045782e-02
-5.443725585937500000e-01
8.847656250000000000e-01
8.148307869389914693e-01
8.532714843750000000e-02
1.708984375000000000e-01
2.667592805453187221e-01
-4.745598716998822297e-01
1.388732910156250000e+00
2.325242313498512292e-01
8.011013879573893881e-01
-7.089030558086806266e-01
-9.036220364591842635e-01
6.280929388998572893e-01
-5.184291965534231217e-01
7.372436523437500000e-01
-6.058959960937500000e-01
-1.880493164062500000e-01
3.298947140049153237e-01
-4.428454303662670011e-01
9.854763063746474483e-01
2.641479492187500000e+00
9.456428121298730005e-01
-3.703613281250000000e-01
-7.824707031250000000e-01
-8.470426870814824483e-01
-6.495383980613418373e-01
-7.273559570312500000e-01
-5.337524414062500000e-01
-9.539933152053081677e-01
-5.755433524360626940e-01
9.877660840133328790e-02
-6.598462981713935083e-01
-7.807617187500000000e-01
-5.902716071380600393e-01
-9.384765625000000000e-01
-5.793457031250000000e-01
-9.317241623956120655e-01
-1.856158662053859487e-01
8.371696988701391451e-01
7.695201094463999247e-01
-6.473388671875000000e-01
-4.023949877974224432e-01
2.161254882812500000e-01
-1.839599609375000000e-01
5.745717294021142063e-01
-5.151923069349764184e-01
-6.401682771871235467e-01
3.481445312500000000e-01
-1.319580078125000000e-01
-8.928805231056311520e-01
1.879338115134097098e-01
-7.827953089299919398e-01
-8.781127929687500000e-01
-1.000543947525573962e-01
4.076106157237653349e-01
3.991699218750000000e-01
-4.468383789062500000e-01
8.021850585937500000e-01
-4.693001306427506680e-01
4.001803270532480195e-01
-3.311752155470528702e-01
3.904418945312500000e-01
9.644775390625000000e-01
5.441035280139250307e-01
1.265869140625000000e-01
8.967285156250000000e-01
-7.774465678388058354e-01
8.044321275137549243e-01
1.103073946925450244e-01
-7.173709379269501696e-01
-1.217578746400118650e-01
2.284346771582663749e-01
-9.488770387622984526e-01
1.358642578125000000e-01
-4.097727255661560708e-01
2.111816406250000000e-02
8.452879190357927008e-01
9.574512221814128754e-01
8.688168402888931663e-01
-8.204888005843018473e-01
-7.936492132615291517e-02
1.454956054687500000e+00
2.550659179687500000e-01
-3.257513900615855995e-01
-3.154296875000000000e-01
8.995361328125000000e-01
4.130249023437500000e-01
-8.701171875000000000e-01
3.881225585937500000e-01
-1.435473652378496112e-01
2.394356460856290614e-01
-9.017333984375000000e-01
8.254539555299835740e-01
7.177734375000000000e-01
6.770099681492560695e-01
2.655751770588472560e-01
-5.664672851562500000e-01
-2.064819335937500000e-01
3.830860356479866002e-01
4.359741210937500000e-01
4.450109649426083891e-01
-7.720336914062500000e-01
-1.132812500000000000e-01
-4.068757056200382749e-01
-4.423096189985307181e-01
7.734716448861651550e-01
8.767700195312500000e-01
-4.020719188890784501e-01
-6.439819335937500000e-01
-1.065570122110859330e-01
5.711059570312500000e-01
-5.938258100896007807e-01
-2.066522240141928091e-01
7.148437500000000000e-01
8.045731299769696143e-01
-8.797991752280336364e-01
5.304687565997578957e-01
-5.667426911623887342e-01
9.546213432660037856e-01
-6.218446073363292914e-01
-9.958432799440657401e-01
-8.409627219518649444e-01
-3.762582943967140992e-01
-1.978759765625000000e-01
-5.272261468455452516e-01
-3.815859872387306062e-02
4.443069802168120308e-01
2.976257324218750000e+00
3.004178297869914971e-01
3.593139648437500000e-01
-8.596418679268718055e-01
8.696600827785154753e-01
-6.768794731784506524e-01
-3.877714542066035275e-01
-2.910766601562500000e-01
1.832377628092010102e-01
5.895996093750000000e-02
7.670519120161347626e-01
2.602581025463677200e-01
-7.994995117187500000e-01
9.816710919189297613e-02
-6.908000561883200774e-01
7.286946748109484062e-01
-9.014282226562500000e-01
-2.139892578125000000e-01
6.655273437500000000e-01
9.060058593750000000e-01
-7.959594726562500000e-01
-5.385742187500000000e-01
2.315795898437500000e+00
4.675292968750000000e-01
-6.169215528199329945e-01
3.502197265625000000e-01
1.670349121093750000e+00
-2.299512034615638356e-01
1.896608173213456539e-01
-1.597483321059867123e-02
5.324041694574193073e-01
-5.237926357925015708e-01
4.518899160285267946e-01
4.830932617187500000e-01
6.561279296875000000e-02
4.745336236893822335e-01
-4.185287498700664965e-01
5.269058076935098089e-01
-7.674895041509399718e-02
-7.158813476562500000e-01
9.282206854798433771e-01
5.891478363179256661e-01
-8.067016601562500000e-01
1.012193132754284353e-01
4.362696858818653212e-01
5.939331054687500000e-01
1.848883945216384106e-01
-7.553100585937500000e-01
3.434448242187500000e-01
-1.376342773437500000e-01
-9.025144701090404009e-01
-5.645751953125000000e-01
1.027770996093750000e+00
2.996398925781250000e+00
2.779558274349527291e-01
1.037597656250000000e-02
-8.362059164665114341e-01
-5.167846679687500000e-01
2.860923861835140691e-02
4.677124023437500000e-01
-5.182051717927798062e-01
-8.341064453125000000e-01
-6.607333229272935871e-01
8.227539062500000000e-02
3.913623396478673744e-01
6.054379779026655140e-01
-6.897811057332670082e-02
1.799900970149543866e-01
1.153529024603248132e-01
6.394653320312500000e-01
6.169433593750000000e-01
4.967041015625000000e-01
-3.762817382812500000e-01
-7.028975758723494671e-01
1.000000000000000000e+05
7.708129882812500000e-01
6.361905216719563327e-01
6.931152343750000000e-01
5.444335937500000000e-02
1.361694335937500000e-01
2.789184570312500000e+00
-9.812433114032057535e-01
-9.038085937500000000e-01
1.206665039062500000e-01
1.832652351013692726e-01
2.901611328125000000e-01
-5.462629290244822577e-01
-9.680786132812500000e-01
-3.991699218750000000e-02
3.544297056338303609e-01
7.011108398437500000e-01
-4.209594726562500000e-01
-2.609863281250000000e-01
9.875595728437769338e-01
-7.016580818572581979e-01
-1.964721679687500000e-01
-4.542312158258339228e-01
-2.501220703125000000e-01
-5.941772460937500000e-01
6.529245392012712479e-01
6.140209595126189246e-01
1.231925728226246353e-01
-8.324584960937500000e-01
2.993774414062500000e-01
5.500021830774368681e-01
4.618431581697326482e-01
7.457275390625000000e-01
5.941594496706517070e-01
4.650268554687500000e-01
-4.572965276867797524e-01
-6.326293945312500000e-01
-2.227637690056187836e-01
-4.882228288766632396e-02
-7.603149414062500000e-01
4.267578125000000000e-01
1.638183593750000000e-01
8.741471692785429681e-02
1.932741659808143719e-01
-6.608276367187500000e-01
4.464458589099318253e-01
-4.748333560505433315e-01
6.214750917853257839e-01
-6.800537109375000000e-01
6.536865234375000000e-01
5.819287670233141974e-02
5.106811523437500000e-01
-9.423908873199395853e-01
5.686680772741223855e-01
8.304589197016036817e-01
-7.066898191193027312e-01
6.469060020841286285e-01
-1.326293945312500000e-01
2.247497558593750000e+00
8.784790039062500000e-01
7.160495015766163984e-01
-1.184583279153865742e-01
