-9.440917968750000000e-01
-5.623168945312500000e-01
-6.101611245463289812e-01
2.848815917968750000e+00
4.101893609643130212e-01
4.961844110387838569e-01
3.250266368665788441e-01
-1.082153320312500000e-01
-3.773865420158462047e-01
-2.208732091329990155e-02
9.127994839229702784e-02
-9.154074914650638384e-01
-5.490919146788977301e-01
9.468719377879919463e-01
4.668764374578058263e-01
3.694052553987012821e-01
6.369158578171396634e-02
-9.235229492187500000e-01
2.566766622300369338e-01
-7.587970710862232959e-01
2.428588867187500000e-01
2.788580153795505723e-02
-4.564819335937500000e-01
8.320149501554401361e-01
4.027099609375000000e-01
9.908447265625000000e-01
-4.484743255495771130e-01
-5.339355468750000000e-01
5.735012214714021450e-01
4.392419071387299034e-01
2.934570312500000000e-01
7.368774414062500000e-01
-9.581909179687500000e-01
-3.886108398437500000e-01
7.450732193708975437e-02
-8.075390052554856091e-01
4.827424270950098073e-01
-9.376220703125000000e-01
7.709350585937500000e-01
-2.093368482171957812e-01
-7.993442936656807163e-01
-9.141235351562500000e-01
3.212568313346755300e-01
6.502149817150486566e-01
-3.466186523437500000e-01
3.386771651139846018e-01
-2.621459960937500000e-01
5.310760287325102524e-01
-2.869140567999262093e-01
9.930419921875000000e-02
-1.773715337932963987e-01
1.019897460937500000e-01
4.931640625000000000e-01
-3.314208984375000000e-01
-4.598005463967411721e-01
2.472037070996482289e-01
3.311157226562500000e-01
-1.534511664773170470e-01
7.136840820312500000e-01
5.822270744484954186e-01
-5.514748523351098441e-02
8.524169921875000000e-01
9.659423828125000000e-01
-5.343522914627958365e-01
-5.861087433990681550e-01
-3.128471790394589114e-01
-8.881159709988941664e-01
-4.911568327125925837e-01
-7.707737005587076418e-01
3.710937500000000000e-01
1.121622965898692037e-01
6.583862304687500000e-01
-7.879638671875000000e-02
-8.775024414062500000e-01
1.685974121093750000e+00
4.478861493184365106e-01
3.825351031663206669e-01
4.203106863879215727e-01
9.494176156630529384e-01
-9.682805831360015159e-01
-9.269409179687500000e-01
8.564472354037881985e-01
2.946900539810031194e-01
-8.800263731682294033e-01
3.331131278863219691e-02
1.166992187500000000e-01
-4.273078913883652241e-01
3.470968592843757250e-01
2.156982421875000000e-01
-1.212229719193278488e-01
-2.835693359375000000e-01
1.182861328125000000e-01
-4.475762255249293720e-01
-8.092224432581800464e-01
9.333496093750000000e-01
1.375312676942204160e-01
-8.661226266059669499e-01
-6.165417403388033790e-01
8.467760150845686784e-01
5.534057617187500000e-01
-6.438913501982492793e-01
-4.118109010493729016e-01
-9.696044921875000000e-01
2.801847675904705071e-01
8.791174810046120669e-02
7.985229492187500000e-01
-6.789550781250000000e-01
2.167358398437500000e-01
2.291259765625000000e-01
7.512068085890368785e-01
7.998657226562500000e-01
7.748174484538572493e-01
1.540199983322145805e-01
8.250732421875000000e-01
3.850708007812500000e-01
-4.628707402462504117e-01
-4.407822164052859204e-01
-3.756311332751613996e-01
8.924560546875000000e-01
-2.115478515625000000e-01
-7.403245278690433473e-01
-3.333074563857636452e-01
-5.377807617187500000e-01
-8.770751953125000000e-01
-7.674298526668632547e-02
9.818115234375000000e-01
8.548039459118390582e-01
1.574707031250000000e-01
-9.910469643334431922e-01
-8.226822467498937641e-01
1.984371827768476315e-01
-5.105590820312500000e-01
4.695002113662212206e-01
-8.645736864349709005e-01
3.089479557743763927e-01
-8.317398363916712611e-01
-8.805541992187500000e-01
-9.443050091285116743e-01
4.420457867442162403e-02
2.096554050527981161e-01
-3.101183033653809318e-03
-5.202024608273294604e-01
1.030668001083512308e-01
1.560729980468750000e+00
-8.097534179687500000e-01
-4.001344633875700829e-01
-1.751708984375000000e-01
8.514511424494186631e-01
-6.718189902058875340e-01
-1.928019465011068245e-01
-2.946734850221093271e-01
2.075370615609584135e-03
-3.533935546875000000e-02
5.779315542659020366e-01
9.066681657704966923e-03
-5.438905182706630370e-01
-5.774731243627366783e-01
-3.822640770108891584e-01
3.720464640037035586e-02
-2.666625976562500000e-01
7.707617017614643018e-02
-7.431004975845980631e-01
-6.519562420982241147e-01
-3.547973632812500000e-01
5.193887090744337964e-01
-4.550474709935761197e-01
-2.994995117187500000e-01
-5.881262872717138990e-01
-4.099731445312500000e-01
2.142333984375000000e-01
-9.741210937500000000e-02
4.539668702995176552e-01
-4.611206054687500000e-01
8.973475751882051821e-01
6.579923308783286462e-01
-7.810405484787792396e-01
7.911376953125000000e-01
-3.234470632396122536e-01
2.921386718750000000e+00
-5.965441328077656369e-01
-6.576900783484060931e-01
-2.800691935476682382e-01
-4.808983530023080988e-01
9.379882812500000000e-01
9.665967763718059658e-01
-2.376830849013962244e-01
-6.591130852079025715e-01
7.835151587518411898e-01
-8.639533763086255647e-01
-8.221549700604939837e-01
-8.013916015625000000e-02
-2.753711629558606155e-01
-4.490616941364966586e-01
5.175995756162108385e-01
-5.342517837608282694e-01
3.477750912452031162e-01
-3.099958762491183961e-01
-3.950195312500000000e-01
-9.873522319160588090e-01
-8.377320252972948467e-01
3.146079847235869753e-01
1.879882812500000000e-02
-8.938511940597986261e-01
1.000000000000000000e+05
6.436082625356769338e-01
-4.489055251390947632e-01
-5.956469145099492213e-01
7.802734375000000000e-01
-5.783081054687500000e-01
-4.058262296498746924e-01
-2.467651367187500000e-01
6.983259798676022534e-02
1.451540232329284752e-01
4.277343750000000000e-01
-8.061726008558796064e-01
3.835692668924124415e-01
4.830878760667338678e-01
-4.088670818311519461e-01
-7.532348632812500000e-01
-3.580938237569288862e-01
4.296361194559727981e-01
8.626964837752777449e-01
6.183200585924240045e-01
1.060501163848015516e-02
-2.356642103924788678e-02
-2.568195254087051183e-01
5.710090505378673242e-01
-7.873314589945306086e-01
3.038940429687500000e-01
-5.374200029422111502e-01
7.536924694461462071e-01
7.096810675403213420e-01
6.472549605436106468e-02
2.319665476436088003e-01
-4.499926612009537141e-01
1.732832987687005222e-01
2.359990726479090917e-01
9.172455785762336777e-01
-1.106740911644186198e-01
-1.645507812500000000e-01
-9.198495262849115672e-01
-6.965086693298228049e-02
4.570723792743980329e-01
5.731201171875000000e-01
-7.556245073021139458e-01
5.140936218205085506e-01
-3.596191406250000000e-01
6.074899668103110884e-01
1.610016258492636965e-01
8.499619423362820836e-01
-5.111694335937500000e-01
1.884155273437500000e-01
-9.025451074334298607e-01
8.290230614631493022e-01
2.549438476562500000e-01
-6.382446289062500000e-01
7.045192799841772935e-01
1.642930697502809068e-01
-7.026172968759736293e-03
9.922382913897007661e-01
8.068847656250000000e-01
-6.702877785930638765e-01
7.306519533866078220e-01
-7.134728370568663713e-01
5.469970703125000000e-01
