-8.806623537403150959e-01
9.636304108800097801e-02
-3.339843750000000000e-01
-4.744961050929388247e-01
3.372994209205177896e-01
-4.949340820312500000e-01
6.018122121257385437e-01
9.476372915362962779e-01
8.832453735934506778e-01
1.658935546875000000e-01
-3.118169690005803130e-01
-7.423754707527252528e-02
7.720273585993318033e-01
-6.613085912047953485e-01
8.485705085044976670e-01
-4.284150311942513945e-01
3.596901412088304717e-01
-6.581175080895507179e-01
-6.470931337402121564e-01
-1.386108398437500000e-01
-2.892456054687500000e-01
7.812500000000000000e-01
7.507324218750000000e-03
-4.820757596467553086e-01
3.821840521219013187e-01
9.904145786520657246e-02
-3.174449673327666144e-01
8.579101562500000000e-01
9.822164053653350546e-01
-7.069702148437500000e-01
-4.235043132538578448e-01
3.517932678548945091e-01
-5.222073479548241526e-01
4.688886415553361608e-01
-3.309936523437500000e-01
-9.345733172980110748e-01
-5.197107497029240797e-01
-1.072998046875000000e-01
-5.471769281990661593e-01
-9.811467122080883563e-01
-8.788452148437500000e-01
2.432678222656250000e+00
-3.781061108019649897e-01
-4.305424637441166436e-01
7.339787603885430389e-01
-7.417655726439218444e-01
-8.253215112333371906e-01
3.692327201640297485e-01
-1.431456351032533991e-01
5.477117226842980191e-01
-1.001410651368570548e-01
4.275512695312500000e-01
-6.231689453125000000e-02
3.896414349185173265e-01
-1.189575195312500000e-01
-9.124306311029373173e-01
2.450561523437500000e-01
9.025024793546483348e-01
3.723705968500352625e-01
-3.928963497878448230e-01
-3.269298868552259485e-01
7.219782195855872775e-01
1.026501419124643544e-01
-6.004638671875000000e-01
1.225153643712399987e-01
-2.108016904258249724e-01
2.670222032642657339e-01
-3.873901367187500000e-01
-5.455401896640688086e-02
6.927557873026621849e-01
2.040286078784590007e-01
-1.886376983696671505e-01
9.995117187500000000e-01
4.495119583931859175e-01
-8.649902343750000000e-01
4.711303710937500000e-01
-2.960205078125000000e-02
-6.831336314153171330e-01
1.827636718750000000e+00
-9.395778211227727716e-01
-8.120246474718577634e-01
5.656538765162630877e-01
7.577791252175118952e-01
-3.196411132812500000e-01
-3.726578448234842966e-01
4.985895765541739078e-01
9.168185050808024261e-01
6.832885742187500000e-01
8.821856725333443450e-02
3.551635742187500000e-01
-5.749248607874566375e-01
-2.062732496875174792e-01
8.459019446947544374e-01
2.797322287076005054e-01
7.401123046875000000e-01
1.287924971592766532e-01
-6.281127929687500000e-01
4.581298828125000000e-01
4.302368164062500000e-01
-9.033757041253827058e-01
7.757568359375000000e-02
5.621655075166058779e-01
2.902399796429981915e-01
-1.625366210937500000e-01
7.499872810639847120e-01
2.770385742187500000e-01
-9.759748705773030331e-02
-5.573027765841760406e-01
8.937563040207634479e-01
6.150269558778354018e-01
-9.839000989647874729e-01
-4.816178839108429255e-01
8.703692425490716644e-02
-2.298198469475425387e-01
3.973388671875000000e-01
8.388813481048038589e-01
4.481232992403831883e-01
5.014123237725807147e-01
3.814930458301728500e-01
-7.198215078612841822e-01
2.802856445312500000e+00
1.595898330245812957e-01
-2.764508901407927155e-01
-7.344360351562500000e-01
-9.174304333201774853e-01
-1.900294671447044781e-01
-6.053466796875000000e-01
1.578621433777342986e-01
-6.916253982384603649e-01
-6.919555664062500000e-01
1.373901367187500000e-01
4.779663085937500000e-01
8.038984409207847737e-01
5.435791015625000000e-01
5.337030797897588386e-01
-3.536376953125000000e-01
8.611907088546710831e-02
6.286388605461692425e-01
-3.316650390625000000e-01
9.521760168633635057e-01
8.728027343750000000e-03
1.593627929687500000e-01
8.898275718050403515e-01
4.838119334856532117e-01
4.284330223143584249e-02
5.038139925628164484e-01
-1.758422851562500000e-01
-3.345728184660081705e-01
-1.034545898437500000e-01
5.225219726562500000e-01
-2.067317414985594404e-01
5.751314584142686037e-01
4.785713721177136115e-01
1.903686523437500000e-01
9.304816442661387743e-01
1.291503906250000000e-01
2.685486282771567534e-01
-6.017456054687500000e-01
-3.148747343547009248e-01
7.617524615406923161e-01
-1.841430664062500000e-01
2.764892578125000000e-01
-5.657766377272710479e-02
7.156372070312500000e-01
-3.141541010037487425e-01
3.924630623189500067e-01
5.222294986052919974e-01
6.726667616005705952e-01
-2.205810546875000000e-01
-5.867309570312500000e-01
-3.957090081648886315e-01
1.150700806686173472e-01
-4.725341796875000000e-01
3.869516054754356116e-01
-3.649902343750000000e-02
6.735229492187500000e-01
-5.006796037398020260e-01
6.364135742187500000e-01
-6.347757614200144616e-03
3.088323074827536985e-02
5.386352539062500000e-01
-6.141585070868265106e-01
-6.145081478590157520e-01
4.479980468750000000e-02
-2.960288055759210391e-01
5.785677034283966957e-01
2.764493421577109977e-01
-7.649262764778794743e-01
4.568253171018574754e-01
1.342982413893234472e-01
-9.574584960937500000e-01
3.607177734375000000e-01
-4.838256835937500000e-01
7.093524862125184516e-01
9.320678710937500000e-01
6.299126079573240666e-01
7.489665393749653788e-01
-8.852539062500000000e-01
-9.740922270299212649e-02
-1.323242187500000000e-01
2.699602262406572972e-01
1.446117109050195637e-01
2.672936368428200371e-01
1.000000000000000000e+05
4.126396184824980828e-01
-8.392333984375000000e-01
-2.193603515625000000e-01
8.093918941798921018e-01
-3.466186523437500000e-01
-7.639160156250000000e-01
4.499511718750000000e-01
3.961060011634516265e-01
8.627099782161740116e-02
8.186035156250000000e-01
-5.769063059266772431e-01
7.377220122512615497e-01
5.102012687800143720e-01
-5.354580624934510702e-01
-4.141908298854126702e-01
-7.711791992187500000e-01
-3.728683557598895248e-01
-5.953979492187500000e-01
-7.313842773437500000e-01
9.217529296875000000e-01
-4.148559570312500000e-01
-3.737792968750000000e-01
-6.533737312340295311e-01
3.363650163738969301e-01
8.783569335937500000e-01
-3.339282087457218218e-02
-5.976195251973572820e-01
-8.919479704548995969e-01
6.302490234375000000e-01
-2.447509765625000000e-02
4.443969726562500000e-01
6.870011983704094050e-01
-2.335688308445880157e-01
-2.025146484375000000e-01
-3.352519743217790005e-01
1.290584734306143844e-01
-3.122200225349103242e-02
1.185363769531250000e+00
3.820098370762339268e-01
-3.559929663928240728e-02
9.382257967869991333e-01
-3.900756835937500000e-01
9.215170242098702502e-02
6.766967773437500000e-01
3.381347656250000000e-01
1.685101879964145954e-01
-7.049256733755184801e-01
3.614624451781758285e-01
3.137207031250000000e-01
-7.956370017188654220e-01
-1.542968750000000000e-01
8.976204737083159912e-01
3.391881557810467740e-01
1.181404500022213977e-01
-9.320494623101105436e-01
5.810546875000000000e-02
-3.634643554687500000e-01
6.632636714924189381e-01
-6.980801014144897287e-01
-3.486938476562500000e-01
-7.228773266199712833e-01
