3.128662109375000000e-01
8.571166992187500000e-01
-2.802734375000000000e-01
6.930851237011836918e-01
-9.334215126737719359e-01
-2.885758659830941486e-01
-8.069458007812500000e-01
-3.755529013643998937e-01
8.402554607384356000e-01
4.893188476562500000e-01
-6.634218283366466462e-01
5.448608398437500000e-01
3.586409074864891355e-01
6.484520781314719873e-01
4.900512695312500000e-01
-8.764648437500000000e-01
-9.816284179687500000e-01
-8.999023437500000000e-01
-7.092548111971064273e-01
7.756347656250000000e-01
7.770521807642973844e-01
5.486510445138830239e-01
6.226196289062500000e-01
5.887451171875000000e-01
-5.494384765625000000e-01
-2.965959686843739895e-01
8.541870117187500000e-01
-2.785644531250000000e-01
-9.042358398437500000e-01
9.625536248866168876e-01
8.807373046875000000e-01
6.853894392278350178e-01
-8.134073782534478880e-02
-3.258056640625000000e-01
-7.535553970596327034e-01
9.125440834923010947e-01
-1.196289062500000000e-02
-9.588623046875000000e-01
-5.324707031250000000e-01
-3.673797099536677546e-01
-2.819213867187500000e-01
-3.444824218750000000e-01
5.633641467214358656e-01
5.354614257812500000e-01
-1.770019531250000000e-02
-1.550292968750000000e-02
-7.995605468750000000e-02
1.968610553187399859e-01
6.391752405313826380e-01
-7.670898437500000000e-01
-7.006902206717091630e-01
1.752197265625000000e+00
-8.713378906250000000e-01
7.409667968750000000e-01
-8.831787109375000000e-01
5.963134765625000000e-01
-4.360691922504642548e-01
-2.510686389671283880e-01
-3.760375976562500000e-01
-5.138549804687500000e-01
1.985473632812500000e-01
-5.621129892098735148e-01
-5.232961276416931984e-01
-3.981126422801302134e-01
-1.380004882812500000e-01
-7.814941406250000000e-01
2.734375000000000000e-02
-8.751875123409094126e-01
-3.621215820312500000e-01
9.497070312500000000e-01
-1.347377915693830364e-01
-7.388305664062500000e-01
-1.641642373884311112e-03
-1.354116705739070170e-01
8.046145690261834460e-01
-3.927942661983703232e-01
-5.410441063397237738e-01
5.803222656250000000e-01
-6.443014798898096807e-01
4.312204505309500391e-01
8.169998202302546364e-01
1.962707519531250000e+00
3.358113618190647909e-01
9.220054286274845801e-01
-6.127204263515808602e-01
-4.793910955104001559e-01
6.958007812500000000e-01
2.873535156250000000e-01
-3.194617296262804995e-01
-6.289672851562500000e-01
-2.548482553698003805e-01
-9.410223128526289393e-01
2.545166015625000000e-01
8.202392040374912874e-01
-4.089583585553802081e-01
5.456238313460104461e-01
2.095947265625000000e-01
4.679888779447372027e-01
3.080167880734721031e-01
-8.994750976562500000e-01
-7.098388671875000000e-01
-6.962135205667641102e-02
8.095446064328084557e-01
-6.944893109859562319e-01
-5.184326171875000000e-01
-1.133667103698252632e-01
4.600063637838964770e-01
-6.690063476562500000e-01
-4.074096679687500000e-01
9.575112821963098764e-01
8.715820312500000000e-02
5.878945465126415026e-01
5.244567539017497282e-02
5.512084960937500000e-01
1.579956054687500000e+00
2.606518820097507572e-01
4.013318752633989739e-01
7.226562500000000000e-01
-2.051391601562500000e-01
-2.268218548816263169e-01
-4.546991300293818927e-01
4.739990234375000000e-01
7.931831558299284879e-02
-8.886718750000000000e-02
-2.234497070312500000e-01
9.137573242187500000e-01
8.628311049450099190e-01
7.659367567630714912e-01
-3.222656250000000000e-02
4.665527343750000000e-01
-5.309696195366444549e-01
1.845092773437500000e-01
3.594360351562500000e-01
-8.380126953125000000e-02
-7.642524359243030307e-01
2.365428153179800486e-01
-6.085205078125000000e-02
5.261230468750000000e-01
2.493401347256851697e-01
6.666870117187500000e-01
-5.997920748081051467e-01
1.449772172283132488e-01
1.782765787331384022e-01
2.105781839071820816e-01
5.548706054687500000e-01
-3.138083840866083829e-01
6.784424611253403459e-01
6.634521484375000000e-02
-2.529296875000000000e-01
-4.507187362244284845e-01
1.237792968750000000e-01
6.180823466191636140e-01
-5.471745321055518918e-01
3.695068359375000000e-01
-1.598176561219040170e-01
-6.600962932773237757e-01
5.379638671875000000e-01
6.574793165681325213e-01
-5.385742187500000000e-01
-2.713734499114779375e-01
-4.280395507812500000e-01
1.379394531250000000e-01
-2.398681640625000000e-02
1.943969726562500000e-01
1.535111550737289221e-01
-7.989265434726131598e-01
-2.778026671935507341e-01
-1.456674369283745829e-01
7.529479918482846479e-01
-2.734405028730582110e-01
-7.151000744057891545e-01
4.133911132812500000e-01
8.072978001091768441e-02
-5.794012552751579559e-01
-3.699340820312500000e-01
1.641845703125000000e-01
-8.148803710937500000e-01
4.351806640625000000e-01
-6.479032348293611854e-01
-2.642822265625000000e-02
-1.757812500000000000e-01
9.166259765625000000e-01
-3.680419921875000000e-02
4.378729435298538419e-01
-5.122070312500000000e-01
-2.166137695312500000e-01
8.917702156838922534e-01
-2.453613281250000000e-02
8.251741291518130961e-01
3.177626044766712621e-01
1.114305034875662237e-02
7.568359375000000000e-03
7.886962890625000000e-01
-1.052081942995468644e-01
-4.609985351562500000e-01
8.995361328125000000e-01
-2.355957031250000000e-01
3.994750976562500000e-01
-2.761840820312500000e-01
-3.140258789062500000e-01
-6.488037109375000000e-01
-1.810246025687589633e-01
3.039550781250000000e-02
9.988803125000000000e+04
8.234252929687500000e-01
4.187878565629443717e-01
5.710769069298333722e-01
-2.430583036234030825e-01
-5.286846058085445943e-01
-9.403686523437500000e-01
1.213378906250000000e-01
-1.452006096090019405e-01
8.570980538401975490e-01
-3.552246093750000000e-02
6.959560993798508122e-01
-3.939819335937500000e-01
-5.598144531250000000e-01
7.812893530682294418e-01
-2.419984419212739546e-01
-6.705322265625000000e-01
-4.221565511462610498e-01
7.664632660195724867e-01
-5.836023231557470048e-01
8.797835734295693655e-01
-2.093505859375000000e-02
-5.508717512399541327e-01
6.916919479929612979e-01
1.663208007812500000e+00
9.703667962678941272e-02
-7.892044180220496585e-01
4.879401333494381987e-02
-6.241455078125000000e-01
2.065478462047098951e-02
5.010375976562500000e-01
1.276245117187500000e-01
8.564453125000000000e-01
5.878742759418416064e-01
1.851180475407834258e-01
5.981062685521392197e-01
-1.930053887198193152e-01
4.748535156250000000e-01
5.766056549387843511e-01
2.958984375000000000e-01
-5.554809570312500000e-01
9.198870025706598064e-01
-8.109130859375000000e-01
-6.038742685642777275e-01
7.985229492187500000e-01
-4.918973993347863782e-01
-1.397344512890192902e-01
3.421630859375000000e-01
-5.122680664062500000e-01
6.026611328125000000e-01
-1.589790205866097317e-01
-2.218744519695885486e-01
9.207153320312500000e-01
5.094684904442283724e-01
6.523437500000000000e-01
-4.847981486783923266e-01
4.741958704666713320e-01
-1.468361456511690921e-01
-2.455444335937500000e-01
-6.989273660322672388e-01
7.044677734375000000e-01
-8.807373046875000000e-01
